Method of Runge-Kutta
X vector values:
(4, 0)(3,999850624296875, 0,05970025171875)(3,9994049887092435, 0,11880202733388529)(3,998666817722321, 0,17730688789152574)(3,997639818626247, 0,235216434365654)(3,996327681361268, 0,2925323070030241)(3,994734078366564, 0,3492561846723046)(3,9928626644327005, 0,4053897842174693)(3,990717076557656, 0,4609348598154455)(3,988300933806416, 0,5158932023380327)
(3,9856178371740874, 0,5702666387181001)(3,9826713694525115, 0,6240570313200745)(3,979465095100342, 0,6772662773147262)(3,9760025601165596, 0,7298963080582634)(3,9722872919173913, 0,7819490884757417)(3,968322799216606, 0,8334266164487975)(3,964112571909156, 0,8843309222077111)(3,959660080958133, 0,9346640677278087)(3,9549687782850103, 0,9844281461302059)(3,9500420966631413, 1,033625281086901)
(3,9448834496144833, 1,0822576262302226)(3,939496231309517, 1,1303273645666345)(3,933883816470333, 1,1778367078949055)(3,9280495602768544, 1,2247878962286427)(3,9219967982761665, 1,2711831972231973)(3,915728846294925, 1,31702490560694)(3,909249000354809, 1,3623153426169126)(3,9025605365909963, 1,4070568554388543)(3,8956667111736247, 1,4512518166516066)(3,888570760232214, 1,4949026236758955)
(3,8812758997830197, 1,5380116982274934)(3,8737853256592842, 1,580581485774758)(3,866102213444366, 1,6226144550005508)(3,858229718407705, 1,664113097268532)(3,850170975443609, 1,7050799260938319)(3,841929099012819, 1,7455174766180945)(3,8335071830868364, 1,7854283050888962)(3,8249083010949736, 1,824814988343531)(3,816135505874107, 1,8636801232971634)(3,807191829621099, 1,902026326435344)
(3,798080283847862, 1,939856233310885)(3,7888038593390365, 1,9771724980450893)(3,7793655261122567, 2,013977792833331)(3,7697682333809692, 2,0502748074549824)(3,760014909519785, 2,0860662487876795)(3,75010846203233, 2,121354840325924)(3,740051777521573, 2,1561433217040133)(3,7298477216625927, 2,190434448223291)(3,7194991391777696, 2,2242309903837176)(3,7090088538143635, 2,2575357334197443)
(3,6983796683244567, 2,2903514768404922)(3,6876143644472323, 2,3226810339742228)(3,6767157028935586, 2,3545272315170944)(3,665686423332858, 2,385892909086196)(3,6545292443822284, 2,416780918776847)(3,6432468635977915, 2,447194124724162)(3,631841957468242, 2,4771354026688575)(3,6203171814105715, 2,5066076395273047)(3,6086751697679373, 2,5356137329658117)(3,5969185358096545, 2,5641565909791235)
(3,58504987173328, 2,592239131473134)(3,573071748668767, 2,6198642818517945)(3,5609867166846603, 2,647034978608213)(3,5487973047963064, 2,6737541669199247)(3,536506020976057, 2,7000248002483334)(3,524115352165434, 2,7258498399422995)(3,511627764289234, 2,7512322548458723)(3,499045702271548, 2,77617502091015)(3,486371590053668, 2,8006811208092524)(3,4736078306138523, 2,8247535435603983)
(3,4607568059889373, 2,8483952841480726)(3,447820877297754, 2,871609343152266)(3,434802384766336, 2,8943987263807793)(3,4217036477548897, 2,9167664445055754)(3,4085269647865033, 2,9387155127031646)(3,39527461357757, 2,9602489502990097)(3,381948851069901, 2,9813697804159363)(3,368551913464503, 3,0020810296265323)(3,355086016256999, 3,022385727609524)(3,341553354274666, 3,0422869068101113)
(3,327956101715066, 3,0617876021042467)(3,3142964121862484, 3,080890850466845)(3,3005764187484976, 3,099599690643904)(3,286798233957605, 3,1179171628285225)(3,272963949909641, 3,1358463083408017)(3,2590756382872046, 3,153390169311606)(3,245135350407126, 3,170551788370176)(3,2311451172696, 3,1873342083355714)(3,217106949608731, 3,203740471911926)(3,2030228379444607, 3,219773621387502)
(3,188894752635862, 3,2354366983375233)(3,1747246439357726, 3,250732743330772)(3,1605144420467495, 3,265664795639926)(3,146266057178319, 3,2802358929556297)(3,1319813796055063, 3,294449071104268)(3,1176622797286133, 3,3083073637694356)(3,103310608134234, 3,3218138022170756)(3,0889281956574792, 3,3349714150242766)(3,074516853445389, 3,3477832278117026)(3,0600783730215184, 3,3602522629796425)
(3,0456145263516663, 3,372381539447658)(3,0311270659107348, 3,3841740723978107)(3,0166177247506933, 3,395632873021452)(3,0020882165696294, 3,4067609482695533)(2,987540235781864, 3,41756130060656)(2,972975457589113, 3,4280369277677494)(2,9583955380526756, 3,4381908225200704)(2,943802114166623, 3,4480259724264513)(2,92919680393198, 3,4575453596135506)(2,914581206431865, 3,4667519605429327)
(2,8999569019075833, 3,47564874578565)(2,8853254518356426, 3,4842386798002103)(2,87068839900568, 3,492524720713909)(2,8560472675992754, 3,500509820107509)(2,8414035632696373, 3,508196922803244)(2,8267587732221378, 3,515588966656126)(2,8121143662956825, 3,522688882348541)(2,797471793044894, 3,5294995931881052)(2,782832485823091, 3,536024014908769)(2,7681978588660465, 3,5422650554751405)
(2,753569308376504, 3,548225614890015)(2,7389482126094395, 3,553908585005084)(2,7243359319580436, 3,559316849334809)(2,709733809040414, 3,5644532828734317)(2,6951431687869363, 3,5693207519151073)(2,680565318528335, 3,5739221138771358)(2,666001548084384, 3,578260217126271)(2,6514531298532527, 3,5823379008080862)(2,6369213189014724, 3,586157994679377)(2,6224073530545104, 3,589723318943579)
(2,60791245298793, 3,5930366840891774)(2,5934378223191237, 3,596100890731092)(2,578984647699601, 3,598918729455012)(2,5645540989078164, 3,6014929806646614)(2,550147328942523, 3,603826414431975)(2,5357654741166287, 3,6059217903501604)(2,521409654151551, 3,607781857389627)(2,5070809722720435, 3,609409353756761)(2,492780515301487, 3,6108070067555254)(2,478509353757625, 3,6119775326518595)
(2,4642685419487305, 3,6129236365408626)(2,450059118070192, 3,6136480122167365)(2,4358821043014944, 3,614153342045468)(2,4217385069035955, 3,6144422968402257)(2,4076293163166658, 3,6145175357394566)(2,393555507258194, 3,614381706087654)(2,3795180388214314, 3,61403744331878)(2,365517854574168, 3,61348737084232)(2,351555882657824, 3,612734099931947)(2,337633035886844, 3,6117802296167745)
(2,323750211848379, 3,6106283465751794)(2,3099082930022434, 3,6092810250311675)(2,296108146781134, 3,6077408266532673)(2,2823506256910977, 3,6060103004559263)(2,268636567412232, 3,6040919827033897)(2,254966794899613, 3,60198839681604)(2,241342116484427, 3,5997020532791764)(2,227763325975304, 3,5972354495542134)(2,2142312027598336, 3,5945910699922767)(2,2007465119062517, 3,591771385750175)
(2,187310004265289, 3,5887788547087256)(2,1739224165721676, 3,5856159213934173)(2,1605844715487303, 3,5822850168973823)(2,1472968780056974, 3,578788558806662)(2,134060330945034, 3,575128951127743)(2,1208755116624167, 3,571308584217342)(2,1077430878497934, 3,567329834714421)(2,0946637136980155, 3,5631950654744085)(2,081638029999542, 3,5589066255056085)(2,068666664251196, 3,5544668499077763)
(2,0557502307569684, 3,5498780598128374)(2,0428893307308527, 3,545142562327732)(2,0300845523997055, 3,5402626504793653)(2,01733647110612, 3,5352406031616357)(2,0046456494113007, 3,530078685084532)(1,9920126371979303, 3,5247791467252663)(1,9794379717730195, 3,519344224281434)(1,9669221779707293, 3,51377613962617)(1,9544657682551543, 3,5080771002652877)(1,942069242823059, 3,5022492992963787)
(1,9297330897065579, 3,496294915369851)(1,9174577848757273, 3,4902161126518876)(1,905243792341142, 3,4840150407893056)(1,8930915642563277, 3,477693834876292)(1,881001541020117, 3,4712546154230015)(1,8689741513789035, 3,4646994883259934)(1,8570098125287835, 3,4580305448404864)(1,8451089302175763, 3,4512498615544147)(1,833271898846715, 3,444359500364263)(1,821499101572999, 3,437361508452662)
(1,8097909104102017, 3,4302579182677246)(1,7981476863305192, 3,4230507475041034)(1,7865697793658613, 3,415741999085748)(1,7750575287089672, 3,4083336611503463)(1,763611262814345, 3,400827707035427)(1,7522312994990226, 3,3932260952661077)(1,7409179460431055, 3,3855307695444643)(1,7296714992901319, 3,377743658740507)(1,7184922457472185, 3,369866676884744)(1,7073804616849892, 3,361901723162308)
(1,6963364132372805, 3,3538506819086353)(1,6853603565006146, 3,345715422606672)(1,674452537633435, 3,3374977998855924)(1,6636131929550972, 3,3291996535210058)(1,652842549044607, 3,320822808436643)(1,6421408228391001, 3,3123690747074916)(1,6315082217320571, 3,303840247564372)(1,6209449436712469, 3,2952381073999293)(1,6104511772563908, 3,286564419776028)(1,6000271018365444, 3,277820935432526)
(1,589672887607188, 3,2690093902974127)(1,5793886957070198, 3,2601315054982964)(1,5691746783144485, 3,251188987375216)(1,5590309787437764, 3,242183527494765)(1,5489577315410692, 3,2331168026655064)(1,5389550625797057, 3,223990474954667)(1,5290230891556031, 3,2148061917060833)(1,5191619200821116, 3,205565585559393)(1,509371655784572, 3,1962702744704456)(1,4996523883945347, 3,1869218617329205)
(1,4900042018436301, 3,1775219360011335)(1,4804271719570892, 3,1680720713140147)(1,4709213665469074, 3,15857382712024)(1,461486845504648, 3,1490287483045023)(1,4521236608938786, 3,1394383652149016)(1,4428318570422396, 3,1298041936914407)(1,433611470633135, 3,120127735095609)(1,4244625307970458, 3,110410476341036)(1,4153850592024586, 3,1006538899252014)(1,4063790701464072, 3,090859433962184)
(1,397444570644621, 3,081028552216431)(1,3885815605212777, 3,0711626741375366)(1,3797900324983559, 3,061263214896009)(1,371069972284583, 3,0513315754200137)(1,3624213586639755, 3,041369142433075)(1,3538441635839678, 3,03137728849272)(1,3453383522431248, 3,0213573720300517)(1,336903883178437, 3,011310737390234)(1,3285407083521912, 3,0012387148738733)(1,3202487732384178, 2,991142620779281)
(1,3120280169089071, 2,9810237574456036)(1,3038783721187943, 2,970883413296805)(1,2957997653917086, 2,9607228628864837)(1,2877921171044846, 2,9505433669435113)(1,2798553415714309, 2,9403461724184803)(1,2719893471281558, 2,9301325125309416)(1,2641940362149453, 2,9199036068174213)(1,2564693054596905, 2,909660661180201)(1,2488150457603635, 2,899404867936845)(1,241231142367038, 2,8891374058704655)
(1,2337174749634516, 2,8788594402807046)(1,2262739177481092, 2,868572123035426)(1,218900339514923, 2,8582765926230995)(1,2115966037333878, 2,8479739742058605)(1,2043625686282915, 2,83766537967324)(1,197198087258953, 2,8273519076965417)(1,1901030075979926, 2,8170346437838605)(1,1830771726096279, 2,806714660335723)(1,176120420327494, 2,796393016701341)(1,1692325839319888, 2,7860707592354634)
(1,1624134918271383, 2,7757489213558126)(1,1556629677169827, 2,765428523601092)(1,14898083068148, 2,7551105736895543)(1,1423668952519264, 2,7447960665781177)(1,1358209714858924, 2,7344859845220117)(1,1293428650416724, 2,724181297134948)(1,122932377252245, 2,713882961449798)(1,1165893051987474, 2,703591921979769)(1,1103134417834575, 2,693309110780062)(1,104104575802285, 2,6830354475100044)
(1,0979624920167705, 2,672771839495639)(1,0918869712255912, 2,662519181792765)(1,085877790335571, 2,6522783572504136)(1,0799347224321973, 2,642050236574748)(1,0740575368496401, 2,6318356783933767)(1,0682459992402737, 2,6216355293200673)(1,0624998716437022, 2,611450624019852)(1,0568189125552856, 2,60128178527451)(1,0512028769941668, 2,59112982404842)(1,0456515165707998, 2,5809955395547655)
(1,0401645795539767, 2,570879719322087)(1,0347418109373552, 2,560783139261171)(1,029382952505484, 2,5507065637322586)(1,0240877428993287, 2,5406507456125706)(1,018855917681294, 2,5306164263641313)(1,0136872093997453, 2,5206043361018886)(1,008581347653029, 2,5106151936621113)(1,0035380591529885, 2,5006497066710605)(0,9985570677879811, 2,4907085716139203)(0,9936380946853896, 2,480792473903981)
(0,9887808582736334, 2,470902087952062)(0,9839850743436779, 2,4610380772361635)(0,9792504561100406, 2,4512010943713465)(0,9745767142712962, 2,4413917811798154)(0,9699635570700803, 2,431610768761209)(0,965410690352591, 2,421858677563081)(0,9609178176275901, 2,4121361174515643)(0,956484640124904, 2,4024436877822093)(0,9521108568534233, 2,392781977470986)(0,9477961646586036, 2,3831515650654427)
(0,9435402582794664, 2,373553018816009)(0,9393428304051017, 2,3639868967474396)(0,9352035717306721, 2,354453746730383)(0,9311221710129196, 2,3449541065530752)(0,9270983151251752, 2,3354885039931377)(0,9231316891118726, 2,326057456889486)(0,9192219762425666, 2,3166614732143267)(0,9153688580654564, 2,3073010511452456)(0,9115720144604155, 2,297976679137369)(0,9078311236915281, 2,2886888359955964)
(0,9041458624591343, 2,2794379909468985)(0,9005159059513836, 2,270224603712663)(0,8969409278952984, 2,261049124581091)(0,8934206006073481, 2,2519119944796278)(0,8899545950435355, 2,2428136450474283)(0,8865425808489964, 2,2337544987078424)(0,8831842264071129, 2,2247349687409153)(0,879879198888142, 2,2157554593558983)(0,876627164297361, 2,206816365763759)(0,8734277875227301, 2,197918074249684)
(0,8702807323820749, 2,189060962245571)(0,867185661669788, 2,1802453984024943)(0,8641422372030528, 2,171471742663152)(0,8611501198675903, 2,162740346334268)(0,8582089696629296, 2,1540515521589607)(0,8553184457472051, 2,1454056943890625)(0,8524782064814795, 2,1368030988573796)(0,849687909473597, 2,1282440830498977)(0,8469472116215648, 2,119728956177916)(0,8442557691564682, 2,1112580192501076)
(0,8416132376849169, 2,102831565144504)(0,839019272231028, 2,094449878680387)(0,8364735272779438, 2,0861132366900934)(0,8339756568088882, 2,0778219080907183)(0,8315253143477633, 2,069576153955718)(0,8291221529992866, 2,0613762275863987)(0,8267658254886714, 2,0532223745832914)(0,8244559842008523, 2,045114832917407)(0,822192281219257, 2,0370538330013614)(0,8199743683641266, 2,029039597760371)
(0,8178018972303858, 2,021072342703108)(0,8156745192250652, 2,0131522759924136)(0,8135918856042775, 2,0052795985158642)(0,8115536475097493, 1,9974545039561815)(0,8095594560049103, 1,9896771788614847)(0,8076089621105421, 1,9819478027153805)(0,8057018168399886, 1,9742665480068828)(0,8038376712339295, 1,9666335803001598)(0,8020161763947188, 1,959049058304102)(0,8002369835202916, 1,9515131339417087)
(0,7984997439376392, 1,9440259524192853)(0,7968041091358561, 1,93658765229545)(0,7951497307987601, 1,929198365549942)(0,7935362608370878, 1,9218582176522316)(0,7919633514202684, 1,914567327629922)(0,7904306550077755, 1,9073258081369433)(0,7889378243800624, 1,9001337655215327)(0,7874845126690799, 1,8929912998939957)(0,7860703733883807, 1,8858985051942474)(0,7846950604628118, 1,8788554692591257)
(0,783358228257797, 1,8718622738894768)(0,7820595316082123, 1,8649189949170062)(0,7807986258468554, 1,8580257022708926)(0,7795751668325125, 1,8511824600441609)(0,7783888109776237, 1,8443893265598108)(0,7772392152755505, 1,837646354436697)(0,776126037327446, 1,8309535906551586)(0,7750489353687314, 1,824311076622393)(0,7740075682951805, 1,8177188482375706)(0,7730015956886144, 1,8111769359566912)
(0,7720306778422091, 1,8046853648571715)(0,7710944757854178, 1,798244154702168)(0,7701926513085102, 1,791853320004627)(0,7693248669867324, 1,7855128700910625)(0,7684907862040873, 1,7792228091650555)(0,7676900731767399, 1,7729831363704742)(0,7669223929760496, 1,7667938458544128)(0,7661874115512306, 1,7606549268298428)(0,7654847957516439, 1,754566363637979)(0,7648142133487228, 1,7485281358103522)
(0,7641753330575349, 1,7425402181305913)(0,7635678245579821, 1,736602580695908)(0,7629913585156408, 1,730715188978284)(0,7624456066022466, 1,7248780038853577)(0,7619302415158232, 1,7190909818210094)(0,7614449370004602, 1,7133540747456384)(0,7609893678657409, 1,7076672302361366)(0,7605632100058226, 1,7020303915455501)(0,7601661404181728, 1,69644349766243)(0,7597978372219621, 1,6909064833698708)
(0,7594579796761186, 1,6854192793042313)(0,7591462481970426, 1,6799818120135404)(0,7588623243759882, 1,6745940040155816)(0,7586058909961114, 1,6692557738556584)(0,7583766320491878, 1,6639670361640355)(0,758174232752003, 1,6587277017130557)(0,7579983795624172, 1,6535376774739312)(0,7578487601951074, 1,648396866673207)(0,7577250636369884, 1,6433051688488947)(0,757626980162317, 1,6382624799062762)
(0,7575542013474793, 1,633268692173374)(0,7575064200854658, 1,6283236944560895)(0,7574833306000354, 1,6234273720930055)(0,7574846284595718, 1,618579607009852)(0,7575100105906332, 1,6137802777736359)(0,7575591752911996, 1,609029259646431)(0,757631822243619, 1,6043264246388287)(0,7577276525272545, 1,5996716415630474)(0,7578463686308367, 1,5950647760857009)(0,7579876744645215, 1,5905056907802229)
(0,758151275371658, 1,5859942451789482)(0,7583368781402663, 1,5815302958248494)(0,7585441910142304, 1,5771136963229273)(0,7587729237042069, 1,5727442973912553)(0,7590227873982525, 1,5684219469116765)(0,7592934947721725, 1,564146489980153)(0,7595847599995931, 1,5599177689567665)(0,7598962987617599, 1,5557356235153696)(0,7602278282570643, 1,551599890692888)(0,7605790672103012, 1,5475104049382706)
(0,7609497358816601, 1,5434669981610907)(0,7613395560754517, 1,5394694997797942)(0,7617482511485724, 1,5355177367695974)(0,7621755460187102, 1,5316115337100316)(0,7626211671722926, 1,5277507128321353)(0,7630848426721804, 1,5239350940652943)(0,7635663021651093, 1,5201644950837276)(0,7640652768888816, 1,5164387313526206)(0,7645814996793098, 1,5127576161739051)(0,7651147049769165, 1,5091209607316842)
(0,7656646288333903, 1,505528574137305)(0,7662310089178019, 1,5019802634740766)(0,7668135845225827, 1,4984758338416342)(0,7674120965692668, 1,4950150883999491)(0,7680262876140007, 1,491597828412985)(0,7686559018528216, 1,4882238532920002)(0,7693006851267076, 1,4848929606384969)(0,7699603849264008, 1,4816049462868146)(0,770634750397008, 1,478359604346373)(0,7713235323423783, 1,4751567272435588)
(0,7720264832292623, 1,4719961057632618)(0,7727433571912546, 1,468877529090056)(0,7734739100325214, 1,4658007848490298)(0,7742178992313149, 1,4627656591462632)(0,7749750839432794, 1,4597719366089534)(0,7757452250045483, 1,4568194004251889)(0,7765280849346362, 1,4539078323833718)(0,7773234279391275, 1,4510370129112913)(0,7781310199121643, 1,4482067211148446)(0,7789506284387354, 1,4454167348164106)
(0,7797820227967693, 1,442666830592873)(0,780624973959032, 1,439956783813294)(0,7814792545948336, 1,4372863686762434)(0,7823446390715451, 1,4346553582467758)(0,783220903455927, 1,4320635244930653)(0,7841078255152734, 1,429510638322691)(0,7850051847183718, 1,4269964696185788)(0,785912762236283, 1,4245207872745984)(0,7868303409429416, 1,4220833592308155)(0,7877577054155793, 1,4196839525084022)
(0,7886946419349748, 1,417322333244204)(0,7896409384855307, 1,4149982667249654)(0,7905963847551798, 1,412711517421216)(0,7915607721351238, 1,4104618490208145)(0,792533893719406, 1,4082490244621564)(0,7935155443043197, 1,4060728059670413)(0,7945055203876552, 1,4039329550732054)(0,7955036201677865, 1,4018292326665154)(0,7965096435426012, 1,3997613990128297)(0,7975233921082738, 1,3977292137895234)
(0,7985446691578864, 1,3957324361166816)(0,799573279679897, 1,3937708245879599)(0,8006090303564595, 1,3918441373011137)(0,8016517295615947, 1,3899521318881982)(0,8027011873592176, 1,3880945655454389)(0,80375721550102, 1,3862711950627749)(0,804819627424212, 1,384481776853075)(0,8058882382491245, 1,3827260669810293)(0,8069628647766736, 1,3810038211917144)(0,8080433254856899, 1,3793147949388387)
(0,8091294405301143, 1,377658743412663)(0,8102210317360614, 1,3760354215676016)(0,8113179225987545, 1,3744445841495043)(0,8124199382793312, 1,3728859857226194)(0,8135269056015251, 1,3713593806962403)(0,8146386530482213, 1,3698645233510363)(0,8157550107578915, 1,3684011678650696)(0,8168758105209083, 1,3669690683394984)(0,8180008857757409, 1,3655679788239692)(0,8191300716050345, 1,364197653341698)
(0,8202632047315749, 1,3628578459142435)(0,8214001235141405, 1,361548310585972)(0,8225406679432429, 1,3602688014482165)(0,8236846796367583, 1,3590190726631306)(0,824832001835452, 1,3577988784872395)(0,8259824793983963, 1,3566079732946887)(0,8271359587982853, 1,355446111600193)(0,8282922881166468, 1,354313048081685)(0,8294513170389547, 1,3532085376026675)(0,8306128968496419, 1,352132335234269)
(0,8317768804270168, 1,3510841962770046)(0,8329431222380843, 1,3500638762822446)(0,834111478333273, 1,3490711310733896)(0,8352818063410713, 1,3481057167667583)(0,8364539654625726, 1,347167389792184)(0,837627816465932, 1,3462559069133258)(0,8388032216807368, 1,3453710252476936)(0,8399800449922913, 1,3445125022863895)(0,8411581518358174, 1,3436800959135669)(0,8423374091905746, 1,3428735644256078)
(0,8435176855738985, 1,342092666550023)(0,8446988510351605, 1,3413371614640723)(0,8458807771496513, 1,3406068088131107)(0,8470633370123875, 1,3399013687286583)(0,8482464052318449, 1,3392206018461994)(0,8494298579236191, 1,3385642693227087)(0,8506135727040147, 1,3379321328539093)(0,8517974286835656, 1,3373239546912616)(0,8529813064604868, 1,336739497658687)(0,8541650881140598, 1,3361785251690261)
(0,8553486571979535, 1,3356408012402343)(0,8565318987334806, 1,3351260905113165)(0,8577146992027928, 1,334634158258001)(0,8588969465420149, 1,334164770408157)(0,8600785301343198, 1,3337176935569541)(0,8612593408029456, 1,3332926949817687)(0,8624392708041568, 1,332889542656836)(0,8636182138201498, 1,3325080052676517)(0,8647960649519053, 1,3321478522251244)(0,8659727207119887, 1,331808853679479)
(0,867148079017299, 1,3314907805339145)(0,8683220391817685, 1,3311934044580174)(0,8694945019090151, 1,3309164979009325)(0,8706653692849462, 1,330659834104292)(0,8718345447703187, 1,3304231871149055)(0,8730019331932539, 1,3302063317972128)(0,8741674407417094, 1,3300090438455003)(0,8753309749559101, 1,3298310997958829)(0,8764924447207383, 1,3296722770380538)(0,8776517602580847, 1,3295323538268042)
(0,8788088331191617, 1,3294111092933125)(0,8799635761767802, 1,3293083234562066)(0,8811159036175907, 1,3292237772324018)(0,8822657309342905, 1,3291572524477133)(0,8834129749177977, 1,329108531847247)(0,8845575536493935, 1,3290773991055704)(0,8856993864928339, 1,3290636388366637)(0,8868383940864318, 1,3290670366036554)(0,8879744983351112, 1,3290873789283415)(0,8891076224024337, 1,3291244533004911)
(0,8902376907025992, 1,3291780481869413)(0,8913646288924216, 1,3292479530404806)(0,8924883638632813, 1,3293339583085257)(0,893608823733054, 1,3294358554415902)(0,894725937838018, 1,329553436901548)(0,8958396367247424, 1,3296864961696961)(0,8969498521419537, 1,3298348277546135)(0,8980565170323852, 1,3299982271998205)(0,8991595655246091, 1,3301764910912417)(0,9002589329248512, 1,3303694170644715)
(0,9013545557087915, 1,3305768038118448)(0,9024463715133499, 1,3307984510893154)(0,9035343191284578, 1,3310341597231434)(0,9046183384888187, 1,3312837316163926)(0,9056983706656563, 1,3315469697552405)(0,9067743578584528, 1,3318236782151023)(0,9078462433866775, 1,3321136621665706)(0,9089139716815066, 1,3324167278811723)(0,9099774882775357, 1,3327326827369446)(0,9110367398044856, 1,333061335223832)
(0,9120916739789023, 1,3334024949489058)(0,9131422395958517, 1,333755972641407)(0,9141883865206106, 1,334121580157616)(0,9152300656803548, 1,3344991304855498)(0,9162672290558446, 1,3348884377494867)(0,9172998296731087, 1,3352893172143248)(0,9183278215951285, 1,33570158528977)(0,9193511599135209, 1,3361250595343606)(0,920369800740224, 1,336559558659326)(0,9213837011991838, 1,3370049025322839)
(0,9223928194180435, 1,3374609121807763)(0,9233971145198367, 1,3379274097956468)(0,9243965466146846, 1,3384042187342595)(0,9253910767914982, 1,3388911635235623)(0,9263806671096869, 1,3393880698629965)(0,9273652805908726, 1,339894764627253)(0,9283448812106121, 1,3404110758688776)(0,9293194338901268, 1,3409368328207278)(0,9302889044880419, 1,3414718658982798)(0,9312532597921344, 1,3420160067017917)
(0,9322124675110912, 1,34256908801832)(0,9331664962662792, 1,3431309438235952)(0,9341153155835253, 1,3437014092837531)(0,9350588958849099, 1,3442803207569296)(0,9359972084805724, 1,3448675157947148)(0,9369302255605315, 1,3454628331434713)(0,9378579201865177, 1,346066112745518)(0,9387802662838226, 1,3466771957401789)(0,9396972386331626, 1,3472959244647011)(0,9406088128625585, 1,3479221424550423)
(0,9415149654392326, 1,3485556944465282)(0,9424156736615225, 1,3491964263743843)(0,9433109156508124, 1,3498441853741403)(0,9442006703434839, 1,3504988197819117)(0,9450849174828847, 1,3511601791345564)(0,9459636376113175, 1,3518281141697128)(0,9468368120620491, 1,352502476825716)(0,9477044229513394, 1,353183120241396)(0,9485664531704926, 1,3538698987557605)(0,9494228863779296, 1,3545626679075606)
(0,9502737069912824, 1,3552612844347438)(0,951118900179512, 1,355965606273794)(0,9519584518550483, 1,3566754925589606)(0,9527923486659559, 1,3573908036213795)(0,9536205779881212, 1,3581114009880841)(0,9544431279174671, 1,3588371473809104)(0,9552599872621909, 1,359567906715298)(0,9560711455350284, 1,3603035440989855)(0,9568765929455446, 1,3610439258306062)(0,9576763203924503, 1,3617889193981798)
(0,9584703194559457, 1,3625383934775073)(0,9592585823900918, 1,3632922179304658)(0,9600411021152089, 1,3640502638032088)(0,9608178722103043, 1,3648124033242686)(0,9615888869055279, 1,3655785099025668)(0,9623541410746566, 1,3663484581253313)(0,9631136302276088, 1,3671221237559223)(0,9638673505029884, 1,3678993837315685)(0,9646152986606586, 1,368680116161014)(0,9653574720743469, 1,3694642003220796)
(0,9660938687242797, 1,3702515166591367)(0,96682448718985, 1,3710419467804973)(0,9675493266423152, 1,371835373455721)(0,9682683868375268, 1,3726316806128391)(0,9689816681086935, 1,3734307533354995)(0,9696891713591751, 1,3742324778600306)(0,9703908980553111, 1,3750367415724285)(0,971086850219281, 1,375843433005267)(0,9717770304219988, 1,3766524418345307)(0,9724614417760409, 1,3774636588763765)
(0,9731400879286081, 1,3782769760838192)(0,9738129730545221, 1,3790922865433475)(0,9744801018492563, 1,3799094844714679)(0,9751414795220017, 1,3807284652111802)(0,9757971117887676, 1,3815491252283845)(0,9764470048655176, 1,3823713621082203)(0,9770911654613418, 1,383195074551342)(0,9777296007716637, 1,3840201623701276)(0,9783623184714845, 1,3848465264848258)(0,9789893267086623, 1,3856740689196392)
(0,9796106340972294, 1,3865026927987476)(0,9802262497107441, 1,3873323023422715)(0,980836183075682, 1,3881628028621757)(0,9814404441648619, 1,3889941007581166)(0,982039043390911, 1,3898261035132315)(0,9826319915997662, 1,3906587196898748)(0,9832193000642141, 1,3914918589252971)(0,9838009804774679, 1,3923254319272738)(0,9843770449467829, 1,393159350469679)(0,98494750598711, 1,3939935273880115)
(0,9855123765147877, 1,3948278765748676)(0,9860716698412721, 1,395662312975368)(0,986625399666906, 1,396496752582535)(0,9871735800747264, 1,3973311124326233)(0,9877162255243116, 1,3981653106004064)(0,988253350845666, 1,3989992661944162)(0,9887849712331455, 1,399832899352141)(0,989311102239421, 1,4006661312351798)(0,989831759769482, 1,4014988840243554)(0,9903469600746797, 1,4023310809147866)
(0,9908567197468088, 1,4031626461109215)(0,9913610557122301, 1,4039935048215308)(0,9918599852260322, 1,4048235832546656)(0,9923535258662333, 1,4056528086125766)(0,9928416955280226, 1,4064811090865983)(0,9933245124180424, 1,4073084138519991)(0,9938019950487095, 1,4081346530627965)(0,9942741622325771, 1,4089597578465398)(0,9947410330767373, 1,4097836602990619)(0,995202626977263, 1,410606293479198)
(0,995658963613691, 1,4114275914034766)(0,9961100629435446, 1,4122474890407788)(0,9965559451968977, 1,4130659223069717)(0,9969966308709781, 1,4138828280595126)(0,9974321407248123, 1,4146981440920277)(0,9978624957739104, 1,4155118091288639)(0,9982877172849913, 1,4163237628196172)(0,9987078267707492, 1,417133945733637)(0,9991228459846595, 1,4179422993545054)(0,9995327969158266, 1,418748766074497)
(0,9999377017838714, 1,4195532891890148)(1,0003375830338594, 1,4203558128910068)(1,0007324633312704, 1,4211562822653625)(1,0011223655570074, 1,4219546432832906)(1,0015073128024468, 1,4227508427966777)(1,001887328364529, 1,4235448285324301)(1,002262435740891, 1,4243365490867992)(1,0026326586250356, 1,4251259539196899)(1,0029980209015463, 1,4259129933489558)(1,0033585466413388, 1,426697618544678)
(1,0037142600969542, 1,427479781523431)(1,0040651856978933, 1,4282594351425366)(1,0044113480459897, 1,4290365330943042)(1,0047527719108256, 1,4298110299002604)(1,005089482225185, 1,4305828809053682)(1,0054215040805496, 1,4313520422722354)(1,0057488627226336, 1,4321184709753143)(1,006071583546959, 1,432882124795092)(1,0063896920944704, 1,4336429623122742)(1,0067032140471917, 1,4344009429019602)
(1,0070121752239198, 1,4351560267278123)(1,007316601575961, 1,4359081747362186)(1,0076165191829052, 1,436657348650451)(1,0079119542484414, 1,4374035109648184)(1,008202933096211, 1,4381466249388162)(1,0084894821657029, 1,4388866545912715)(1,0087716280081862, 1,439623564694487)(1,0090493972826833, 1,4403573207683813)(1,0093228167519823, 1,4410878890746288)(1,009591913278688, 1,4418152366107984)
(1,0098567138213126, 1,442539331104491)(1,0101172454304055, 1,4432601410074788)(1,0103735352447212, 1,4439776354898446)(1,0106256104874274, 1,4446917844341218)(1,0108734984623506, 1,4454025584294385)(1,011117226550261, 1,4461099287656614)(1,0113568222051952, 1,446813867427545)(1,0115923129508182, 1,4475143470888838)(1,0118237263768235, 1,448211341106668)(1,0120510901353703, 1,448904823515244)
(1,0122744319375603, 1,449594769020482)(1,0124937795499513, 1,4502811529939466)(1,0127091607911092, 1,450963951467075)(1,012920603528197, 1,451643141125362)(1,0131281356736022, 1,4523186993025532)(1,013331785181601, 1,4529906039748426)(1,0135315800450602, 1,4536588337550824)(1,0137275482921753, 1,4543233678869991)(1,013919717983247, 1,4549841862394193)(1,0141081172074937, 1,455641269300505)
(1,0142927740799004, 1,4562945981719997)(1,014473716738105, 1,4569441545634836)(1,014650973339321, 1,4575899207866414)(1,0148245720572953, 1,4582318797495402)(1,014994541079304, 1,4588700149509195)(1,0151609086031825, 1,459504310474494)(1,0153237028343922, 1,4601347509832685)(1,015482951983123, 1,4607613217138657)(1,0156386842614311, 1,4613840084708682)(1,015790927880412, 1,4620027976211734)
(1,015939711047409, 1,4626176760883636)(1,016085061963257, 1,4632286313470897)(1,0162270088195602, 1,4638356514174713)(1,0163655797960054, 1,4644387248595103)(1,01650080305771, 1,465037840767522)(1,016632706752604, 1,465632988764581)(1,0167613190088454, 1,4662241589969842)(1,0168866679322714, 1,466811342128731)(1,0170087816038829, 1,4673945293360193)(1,017127688077361, 1,4679737123017602)
(1,0172434153766197, 1,46854888321011)(1,0173559914933907, 1,4691200347410198)(1,0174654443848408, 1,4696871600648054)(1,0175718019712234, 1,470250252836733)(1,0176750921335624, 1,4708093071916266)(1,017775342711369, 1,4713643177384934)(1,01787258150039, 1,4719152795551693)(1,01796683625039, 1,4724621881829838)(1,0180581346629647, 1,4730050396214458)(1,0181465043893863, 1,4735438303229493)
(1,0182319730284806, 1,4740785571875008)(1,0183145681245362, 1,4746092175574659)(1,0183943171652443, 1,4751358092123392)(1,0184712475796702, 1,4756583303635347)(1,018545386736256, 1,476176779649198)(1,0186167619408537, 1,4766911561290408)(1,0186854004347892, 1,4772014592791973)(1,0187513293929567, 1,4777076889871041)(1,0188145759219431, 1,4782098455464012)(1,0188751670581837, 1,4787079296518573)
(1,0189331297661453, 1,479201942394318)(1,0189884909365416, 1,4796918852556769)(1,0190412773845776, 1,480177760103871)(1,0190915158482212, 1,4806595691878996)(1,0191392329865068, 1,4811373151328668)(1,019184455377866, 1,4816110009350485)(1,0192272095184878, 1,4820806299569846)(1,019267521820707, 1,4825462059225942)(1,019305418611421, 1,483007732912317)(1,019340926130535, 1,4834652153582786)
(1,0193740705294352, 1,4839186580394819)(1,019404877869489, 1,4843680660770222)(1,0194333741205739, 1,4848134449293302)(1,0194595851596326, 1,4852548003874375)(1,0194835367692567, 1,4856921385702708)(1,0195052546362957, 1,4861254659199699)(1,019524764350494, 1,4865547891972326)(1,0195420914031548, 1,4869801154766862)(1,0195572611858283, 1,4874014521422836)(1,0195702989890292, 1,4878188068827283)
(1,0195812300009766, 1,4882321876869236)(1,0195900793063635, 1,48864160283945)(1,0195968718851485, 1,4890470609160695)(1,0196016326113753, 1,489448570779255)(1,019604386252016, 1,4898461415737494)(1,019605157465841, 1,4902397827221487)(1,0196039708023101, 1,490629503920516)(1,0196008507004937, 1,4910153151340195)(1,0195958214880132, 1,4913972265925999)(1,0195889073800093, 1,4917752487866642)
(1,019580132478132, 1,4921493924628086)(1,0195695207695552, 1,4925196686195672)(1,0195570961260156, 1,4928860885031896)(1,019542882302874, 1,4932486636034463)(1,0195269029382, 1,4936074056494617)(1,0195091815518804, 1,4939623266055753)(1,0194897415447497, 1,4943134386672308)(1,0194686061977436, 1,494660754256893)(1,0194457986710748, 1,495004286019994)(1,019421342003431, 1,4953440468209056)
(1,019395259111195, 1,4956800497389424)(1,0193675727876865, 1,496012308064391)(1,0193383057024261, 1,4963408352945693)(1,01930748040042, 1,4966656451299127)(1,0192751193014664, 1,4969867514700899)(1,0192412446994827, 1,4973041684101465)(1,019205878761854, 1,4976179102366771)(1,0191690435288019, 1,4979279914240267)(1,0191307609127735, 1,4982344266305192)(1,0190910526978516, 1,4985372306947158)
(1,0190499405391842, 1,4988364186317014)(1,0190074459624339, 1,4991320056293993)(1,0189635903632477, 1,4994240070449154)(1,0189183950067457, 1,4997124384009102)(1,018871881027029, 1,499997315381999)(1,018824069426707, 1,5002786538311828)(1,0187749810764442, 1,5005564697463047)(1,0187246367145246, 1,500830779276538)(1,0186730569464355, 1,5011015987189011)(1,0186202622444696, 1,5013689445148006)
(1,0185662729473446, 1,501632833246605)(1,0185111092598418, 1,5018932816342445)(1,018454791252462, 1,5021503065318422)(1,018397338861098, 1,5024039249243706)(1,0183387718867276, 1,5026541539243392)(1,0182791099951194, 1,5029010107685092)(1,01821837271656, 1,5031445128146377)(1,0181565794455947, 1,5033846775382487)(1,0180937494407878, 1,5036215225294343)(1,0180299018244967, 1,5038550654896834)
(1,0179650555826638, 1,5040853242287384)(1,017899229564625, 1,504312316661481)(1,0178324424829324, 1,5045360608048455)(1,017764712913195, 1,5047565747747609)(1,017696059293933, 1,5049738767831204)(1,0176264999264488, 1,5051879851347802)(1,0175560529747125, 1,505398918224585)(1,0174847364652633, 1,5056066945344224)(1,0174125682871245, 1,5058113326303046)(1,017339566191735, 1,506012851159479)
(1,0172657477928935, 1,5062112688475655)(1,0171911305667183, 1,5064066044957223)(1,0171157318516206, 1,5065988769778387)(1,0170395688482923, 1,5067881052377567)(1,0169626586197074, 1,506974308286519)(1,016885018091137, 1,5071575051996449)(1,0168066640501783, 1,5073377151144336)(1,0167276131467955, 1,507514957227296)(1,0166478818933762, 1,5076892507911108)(1,0165674866647985, 1,507860615112612)
(1,0164864436985122, 1,5080290695497993)(1,0164047690946323, 1,508194633509379)(1,0163224788160454, 1,5083573264442292)(1,0162395886885274, 1,508517167850894)(1,0161561144008742, 1,5086741772671028)(1,0160720715050444, 1,508828374269318)(1,0159874754163138, 1,5089797784703074)(1,015902341413441, 1,509128409516745)(1,0158166846388443, 1,5092742870868368)(1,0157305200987923, 1,509417430887974)
(1,015643862663602, 1,5095578606544116)(1,015556727067851, 1,5096955961449736)(1,015469127910599, 1,509830657140785)(1,0153810796556206, 1,5099630634430274)(1,0152925966316486, 1,510092834870724)(1,015203693032627, 1,510219991258547)(1,015114382917975, 1,5103445524546524)(1,0150246802128617, 1,5104665383185405)(1,014934598708489, 1,510585968718941)(1,0148441520623857, 1,5107028635317237)
(1,0147533537987103, 1,5108172426378357)(1,0146622173085647, 1,510929125921261)(1,0145707558503152, 1,5110385332670078)(1,0144789825499247, 1,5111454845591195)(1,0143869104012924, 1,5112499996787108)(1,0142945522666034, 1,511352098502028)(1,0142019208766864, 1,511451800898534)(1,0141090288313803, 1,5115491267290193)(1,01401588859991, 1,5116440958437345)(1,0139225125212683, 1,5117367280805494)
(1,013828912804609, 1,5118270432631353)(1,0137351015296454, 1,5119150611991712)(1,0136410906470583, 1,5120008016785738)(1,013546891978911, 1,5120842844717521)(1,0134525172190725, 1,5121655293278848)(1,0133579779336472, 1,5122445559732212)(1,0132632855614139, 1,5123213841094054)(1,013168451414269, 1,5123960334118254)(1,0130734866776798, 1,512468523527982)(1,0129784024111432, 1,5125388740758845)
(1,012883209548651, 1,5126071046424665)(1,0127879188991629, 1,5126732347820258)(1,012692541147085, 1,5127372840146862)(1,0125970868527563, 1,5127992718248828)(1,0125015664529387, 1,5128592176598685)(1,0124059902613165, 1,5129171409282434)(1,0123103684689996, 1,5129730609985061)(1,0122147111450337, 1,5130269971976278)(1,0121190282369157, 1,513078968809646)(1,0120233295711152, 1,513128995074283)
(1,0119276248536013, 1,5131770951855836)(1,011831923670375, 1,5132232882905752)(1,011736235488007, 1,5132675934879491)(1,0116405696541806, 1,5133100298267632)(1,0115449353982389, 1,513350616305165)(1,0114493418317383, 1,5133893718691367)(1,0113537979490064, 1,51342631541126)(1,0112583126277035, 1,5134614657695016)(1,0111628946293907, 1,5134948417260208)(1,0110675526001005, 1,5135264620059952)
(1,0109722950709132, 1,5135563452764675)(1,010877130458537, 1,513584510145214)(1,0107820670658927, 1,5136109751596296)(1,0106871130827009, 1,5136357588056366)(1,0105922765860758, 1,5136588795066102)(1,0104975655411201, 1,5136803556223246)(1,010402987801526, 1,5137002054479194)(1,0103085511101773, 1,513718447212883)(1,0102142630997581, 1,5137350990800582)(1,0101201312933619, 1,5137501791446635)
(1,0100261631051057, 1,5137637054333357)(1,0099323658407473, 1,513775695903191)(1,0098387466983048, 1,5137861684409026)(1,00974531276868, 1,5137951408618)(1,0096520710362844, 1,513802630908983)(1,0095590283796676, 1,5138086562524569)(1,009466191572149, 1,5138132344882844)(1,009373567282452, 1,5138163831377551)(1,0092811620753404, 1,5138181196465734)(1,0091889824122573, 1,5138184613840635)
(1,0090970346519668, 1,5138174256423922)(1,0090053250511974, 1,5138150296358093)(1,0089138597652878, 1,5138112904999041)(1,0088226448488344, 1,5138062252908806)(1,0087316862563418, 1,5137998509848474)(1,0086409898428732, 1,5137921844771267)(1,008550561364705, 1,5137832425815785)(1,0084604064799814, 1,5137730420299416)(1,0083705307493709, 1,5137615994711908)(1,0082809396367252, 1,5137489314709107)
(1,0081916385097383, 1,5137350545106856)(1,008102632640608, 1,5137199849875043)(1,0080139272066977, 1,5137037392131825)(1,0079255272912007, 1,513686333413799)(1,007837437883804, 1,5136677837291488)(1,0077496638813548, 1,5136481062122102)(1,0076622100885264, 1,5136273168286294)(1,0075750812184865, 1,513605431456217)(1,0074882818935647, 1,5135824658844628)(1,0074018166459222, 1,5135584358140626)
(1,0073156899182212, 1,5135333568564617)(1,0072299060642953, 1,5135072445334121)(1,0071444693498204, 1,5134801142765437)(1,0070593839529853, 1,513451981426951)(1,006974653965164, 1,513422861234792)(1,0068902833915871, 1,513392768858904)(1,0068062761520142, 1,5133617193664302)(1,0067226360814057, 1,5133297277324618)(1,0066393669305953, 1,5132968088396939)(1,0065564723669624, 1,5132629774780932)
(1,0064739559751041, 1,5132282483445811)(1,0063918212575076, 1,5131926360427286)(1,0063100716352218, 1,5131561550824641)(1,0062287104485292, 1,513118819879796)(1,0061477409576172, 1,5130806447565455)(1,0060671663432488, 1,5130416439400938)(1,0059869897074336, 1,5130018315631417)(1,0059072140740974, 1,5129612216634813)(1,0058278423897522, 1,5129198281837792)(1,0057488775241645, 1,512877664971373)
(1,0056703222710237, 1,5128347457780802)(1,0055921793486091, 1,5127910842600165)(1,0055144514004575, 1,512746693977429)(1,005437140996028, 1,5127015883945387)(1,0053602506313675, 1,512655780879396)(1,0052837827297738, 1,5126092847037456)(1,0052077396424595, 1,5125621130429059)(1,005132123649213, 1,5125142789756558)(1,0050569369590596, 1,5124657954841347)(1,004982181710921, 1,5124166754537534)
(1,0049078599742733, 1,512366931673114)(1,0048339737498044, 1,5123165768339435)
Y vector values:
(2, 0)(1,9999253121484375, -0,05962556386718765)(1,9997024943546218, -0,11850452168850723)(1,9993334088611605, -0,17664029675268633)(1,9988199093131236, -0,23403634367877757)(1,998163840680634, -0,2906961476836578)(1,997367039183282, -0,34662322385558664)(1,9964313322163503, -0,40182111643381946)
(1,995358538278828, -0,4562933980942736)(1,994150466903208, -0,5100436692412407)(1,9928089185870437, -0,5630755573051438)(1,9913356847262558, -0,6153927160463302)(1,989732547550171, -0,6669988248648973)(1,9880012800582798, -0,7178975881165433)(1,9861436459586956, -0,7680927344344375)(1,984161399608303, -0,8175880160571003)(1,982056285954578, -0,8663872081622892)(1,9798300404790665, -0,9144941082068754)
(1,9774843891425051, -0,9619125352727109)(1,9750210483315707, -1,0086463294184718)(1,9724417248072417, -1,0546993510374643)(1,9697481156547585, -1,1000754802213928)(1,9669419082351665, -1,144778616130072)(1,9640247801384272, -1,1888126763670699)(1,9609983991380833, -1,2321815963612806)(1,9578644231474625, -1,2748893287544023)(1,9546245001774045, -1,316939842794317)(1,9512802682954982, -1,3583371237343522)
(1,9478333555868124, -1,399085172238419)(1,944285380116107, -1,4391880037920028)(1,9406379498915098, -1,4786496481190032)(1,9368926628296421, -1,5174741486043999)(1,933051106722183, -1,5556655617227335)(1,9291148592038525, -1,5932279564723846)(1,9250854877218044, -1,6301654138156363)(1,9209645495064096, -1,6664820261245041)(1,9167535915434182, -1,7021818966323146)(1,9124541505474868, -1,7372691388910178)
(1,9080677529370536, -1,7717478762342171)(1,9035959148105495, -1,8056222412458935)(1,899040141923931, -1,8388963752348157)(1,8944019296695183, -1,8715744277146076)(1,8896827630561284, -1,9036605558894593)(1,8848841166904846, -1,9351589241454672)(1,8800074547598924, -1,966073703547572)(1,875054231016165, -1,9964090713420894)(1,8700258887607866, -2,0261692104647997)(1,8649238608312964, -2,0553583090545873)
(1,8597495695888848, -2,083980559972602)(1,8545044269071818, -2,1120401603269263)(1,8491898341622284, -2,139541311002721)(1,8438071822236162, -2,1664882161978394)(1,8383578514467793, -2,1928850829638735)(1,832843211666429, -2,2187361207526246)(1,8272646221911142, -2,244045540967962)(1,8216234317988957, -2,268817556523058)(1,815920978734121, -2,2930563814029785)(1,8101585907052857, -2,3167662302325907)
(1,8043375848839687, -2,3399513178497804)(1,7984592679048272, -2,3626158588839505)(1,79252493586664, -2,3847640673397734)(1,7865358743343835, -2,4064001561861783)(1,7804933583423301, -2,4275283369505427)(1,7743986523981532, -2,4481528193180777)(1,7682530104880285, -2,468277810736362)(1,762057676082717, -2,4879075160250164)(1,755813882144617, -2,507046136990489)(1,749522851135774, -2,5256978720459244)
(1,743185795026834, -2,5438669158360865)(1,7368039153069261, -2,561557458867324)(1,7303784029944687, -2,578773687142541)(1,723910438648877, -2,5955197818011433)(1,717401192383168, -2,611799918763947)(1,7108518238774448, -2,6276182683830207)(1,7042634823932516, -2,642978995096416)(1,697637306788785, -2,657886257087795)(1,6909744255349506, -2,6723442059508873)(1,6842759567322514, -2,686356986358784)
(1,6775430081284994, -2,6999287357380233)(1,670776677137333, -2,713063583947444)(1,663978050857533, -2,7257656529617798)(1,6571482060931242, -2,7380390565599697)(1,6502882093742488, -2,7498879000181526)(1,6433991169788025, -2,7613162798073247)(1,6364819749548205, -2,7723282832956224)(1,6295378191436023, -2,7829279884552083)(1,622567675203563, -2,7931194635737384)(1,6155725586348, -2,8029067669703718)
(1,6085534748043655, -2,8122939467162915)(1,6015114189722304, -2,821285040359732)(1,594447376317931, -2,829884074655454)(1,5873623219678863, -2,838095065298658)(1,5802572210233747, -2,845922016663301)(1,5731330285891596, -2,8533689215447895)(1,5659906898027531, -2,8604397609070213)(1,5588311398643067, -2,8671385036337425)(1,551655304067117, -2,873469106284192)(1,5444640978287396, -2,879435512853016)
(1,5372584267226945, -2,8850416545343975)(1,5300391865107592, -2,8902914494904017)(1,5228072631758331, -2,8951888026234913)(1,5155635329553674, -2,8997376053531783)(1,5083088623753467, -2,903941735396799)(1,5010441082848147, -2,907805056554368)(1,493770117890932, -2,9113314184974923)(1,4864877287945566, -2,914524656562306)(1,4791977690263378, -2,917388591546408)(1,4719010570833115, -2,919927029509763)
(1,46459840196599, -2,922143761579541)(1,4572906032159325, -2,9240425637588654)(1,4499784509537916, -2,925627196739442)(1,4426627259178213, -2,9269014057180316)(1,43534419950284, -2,927868920216749)(1,4280236337996377, -2,9285334539071464)(1,4207017816348186, -2,9288987044380628)(1,4133793866110689, -2,9289683532671944)(1,4060571831478412, -2,928746065496382)(1,398735896522447, -2,928235489710552)
(1,3914162429115455, -2,927440257820315)(1,3840989294330233, -2,926363984908164)(1,376784654188252, -2,9250102690782667)(1,3694741063047198, -2,923382691309804)(1,3621679659790218, -2,921484815313831)(1,354866904520207, -2,919320187393639)(1,3475715843934681, -2,9168923363085755)(1,3402826592641675, -2,9142047731413037)(1,333000774042192, -2,9112609911684633)(1,3257265649266263, -2,9080644657347126)
(1,3184606594507362, -2,904618654130113)(1,3112036765272552, -2,900926995470834)(1,303956226493965, -2,8969929105831422)(1,2967189111595618, -2,8928198018906537)(1,2894923238498004, -2,8884110533048126)(1,2822770494539082, -2,883770030118569)(1,2750736644712615, -2,8789000789032366)(1,2678827370583143, -2,873804527408475)(1,2607048270757755, -2,8684866844654024)(1,2535404861360218, -2,8629498398927833)
(1,2463902576507435, -2,8571972644062686)(1,2392546768788124, -2,8512322095306715)(1,2321342709743652, -2,845057907515228)(1,225029559035096, -2,838677571251832)(1,2179410521507472, -2,832094394196215)(1,2108692534517977, -2,8253115502920236)(1,2038146581583329, -2,818332193897789)(1,196777753629097, -2,811159459716751)(1,1897590194107157, -2,803796462729496)(1,182758927287084, -2,796246298129404)
(1,175777941328912, -2,7885120412608586)(1,168816517943422, -2,780596747560196)(1,1618751059241894, -2,772503452499369)(1,1549541465011217, -2,764235171532289)(1,148054073390567, -2,755794900043835)(1,1411753128455489, -2,7471856133014754)(1,134318283706116, -2,738410266409506)(1,1274833974498064, -2,729471794265846)(1,1206710582422135, -2,72037311152139)(1,113881662987652, -2,7111171125418654)
(1,1071156013799168, -2,701706671372193)(1,1003732559531259, -2,692144641703301)(1,0936550021326445, -2,68243385684137)(1,0869612082860838, -2,6725771296795013)(1,0802922357743652, -2,6625772526717473)(1,0736484390028487, -2,6524369978095113)(1,067030165472517, -2,6421591166002596)(1,0604377558312084, -2,631746340048551)(1,0538715439248967, -2,6212013786393182)(1,0473318568490078, -2,610526922323416)
(1,040819014999771, -2,5997256405053797)(1,034333332125598, -2,588800182033374)(1,0278751153784842, -2,5777531751913214)(1,0214446653654263, -2,5665872276931587)(1,0150422761998528, -2,5553049266792183)(1,00866823555306, -2,543908838714696)(1,0023228247056504, -2,5324015097901817)(0,9960063185989652, -2,5207854653242316)(0,9897189858865098, -2,5090632101679438)(0,9834610889853647, -2,497237228611535)
(0,9772328841275771, -2,485309984392865)(0,9710346214115295, -2,4732839207079085)(0,9648665448532789, -2,4611614602231295)(0,9587288924378636, -2,448945005089751)(0,952621896170571, -2,436636936959877)(0,9465457821281639, -2,4242396170044556)(0,9405007705100585, -2,41175538593306)(0,9344870756894518, -2,3991865640154453)(0,9285049062643917, -2,386535451104878)(0,9225544651087881, -2,373804326663203)
(0,9166359494233575, -2,3609954497876204)(0,9107495507864996, -2,3481110592391614)(0,9048954552051008, -2,335153373472825)(0,8990738431652596, -2,322124590669363)(0,8932848896829306, -2,3090268887686785)(0,8875287643544836, -2,29586242550483)(0,8818056314071725, -2,2826333384426)(0,8761156497495113, -2,269341745015619)(0,8704589730215527, -2,255989742566017)(0,8648357496450659, -2,2425794083855735)
(0,8592461228736092, -2,2291127997583526)(0,8536902308424946, -2,215591954004802)(0,8481682066186402, -2,2020188885272756)(0,8426801782503073, -2,188395600856979)(0,8372262688167175, -2,17472406870231)(0,8318065964775486, -2,1610062499985547)(0,8264212745223035, -2,147244082958947)(0,8210704114195501, -2,133439486127042)(0,8157541108660286, -2,1195943584304002)(0,8104724718356234, -2,105710579235553)
(0,8052255886281954, -2,0917900084042236)(0,8000135509182722, -2,077834486350798)(0,794836443803594, -2,0638458341010066)(0,7896943478535099, -2,0498258533518063)(0,7845873391572242, -2,0357763265324405)(0,7795154893718882, -2,021699016866653)(0,7744788657705346, -2,007595668436041)(0,7694775312898529, -1,9934680062445196)(0,7645115445778016, -1,979317736283885)(0,7595809600410558, -1,9651465456004487)
(0,754685827892286, -1,9509561023627318)(0,7498261941972674, -1,9367480559301877)(0,7450021009218151, -1,9225240369229484)(0,7402135859785446, -1,9082856572925593)(0,7354606832734537, -1,8940345103936935)(0,730743422752324, -1,8797721710568265)(0,7260618304469393, -1,8655001956618409)(0,7214159285211198, -1,8512201222125606)(0,7168057353165675, -1,8369334704121765)(0,7122312653985229, -1,8226417417395586)
(0,7076925296012293, -1,8083464195264307)(0,7031895350732036, -1,7940489690353876)(0,6987222853223105, -1,7797508375387414)(0,6942907802606388, -1,7654534543981755)(0,6898950162491779, -1,7511582311451868)(0,6855349861422915, -1,7368665615623051)(0,6812106793319878, -1,7225798217650627)(0,6769220817919839, -1,7082993702847036)(0,6726691761215624, -1,694026548151614)(0,6684519415892185, -1,6797626789794524)
(0,6642703541760956, -1,665509069049969)(0,6601243866192089, -1,6512670073984896)(0,6560140084544536, -1,637037765900057)(0,6519391860593972, -1,6228225993562022)(0,6478998826958543, -1,608622745582338)(0,6438960585522423, -1,5944394254957537)(0,6399276707857154, -1,5802738432041958)(0,6359946735640779, -1,5661271860950197)(0,6320970181074727, -1,552000624924894)(0,6282346527298452, -1,5378953139100462)
(0,6244075228801818, -1,5238123908170271)(0,620615571183519, -1,5097529770539846)(0,6168587374817258, -1,4957181777624307)(0,6131369588740546, -1,481709081909481)(0,6094501697574615, -1,4677267623805612)(0,6057983018666939, -1,4537722760725544)(0,6021812843141457, -1,4398466639873857)(0,5985990436294765, -1,4259509513260182)(0,5950515037989963, -1,4120861475828566)(0,5915385863048139, -1,3982532466405369)
(0,588060210163747, -1,3844532268650878)(0,5846162919659944, -1,370687051201458)(0,5812067459135691, -1,3569556672693817)(0,5778314838584914, -1,343260007459583)(0,57449041534074, -1,3296009890302942)(0,5711834476259632, -1,3159795142040807)(0,5679104857429462, -1,302396470264958)(0,5646714325208362, -1,2888527296557841)(0,5614661886261225, -1,2753491500759204)(0,5582946525993737, -1,2618865745791426)
(0,5551567208917287, -1,248465831671791)(0,5520522879011425, -1,2350877354111471)(0,5489812460083853, -1,221753085504024)(0,5459434856127956, -1,2084626674055605)(0,5429388951677855, -1,1952172524181992)(0,5399673612160987, -1,1820175977908467)(0,5370287684248201, -1,1688644468181968)(0,5341229996201369, -1,1557585289402041)(0,5312499358218511, -1,1427005598417028)(0,5284094562776428, -1,1296912415521527)
(0,5256014384970834, -1,1167312625455037)(0,5228257582853999, -1,1038212978401654)(0,5200822897769883, -1,0909620090990755)(0,5173709054686776, -1,0781540447298483)(0,514691476252742, -1,0653980399850007)(0,5120438714496643, -1,0526946170622349)(0,509427958840647, -1,0400443852047783)(0,5068436046998727, -1,0274479408017614)(0,5042906738265145, -1,0149058674886255)(0,5017690295764943, -1,002418736247555)
(0,4992785338939906, -0,989987105507911)(0,4968190473426948, -0,9776115212466756)(0,4943904291368167, -0,9652925170888786)(0,49199253717183894, -0,9530306144080023)(0,4896252280550203, -0,9408263224263669)(0,4872883571356481, -0,9286801383154635)(0,48498177853504015, -0,9165925472962493)(0,4827053451762955, -0,9045640227393763)(0,48045890881379505, -0,8925950262653592)(0,478242320062452, -0,8806860078446612)
(0,47605542842671167, -0,8688374058976978)(0,4738980823293018, -0,8570496473947444)(0,4717701291397332, -0,8453231479557424)(0,46967141520255085, -0,8336583119499905)(0,4676017858653361, -0,8220555325957193)(0,4655610855064598, -0,810515192059535)(0,4635491575625876, -0,7990376615557251)(0,4615658445559363, -0,7876233014454224)(0,4596109881212833, -0,7762724613356102)(0,4576844290327282, -0,7649854801779741)
(0,45578600723020773, -0,7537626863675766)(0,45391556184576404, -0,7426043978413603)(0,45207293122956715, -0,7315109221764655)(0,4502579529756918, -0,720482556688355)(0,4484704639476492, -0,7095195885287402)(0,44671030030367403, -0,6986222947833016)(0,44497729752176773, -0,6877909425691962)(0,4432712904244982, -0,6770257891323403)(0,44159211320355646, -0,6663270819444715)(0,439939599444071, -0,6556950587999695)
(0,4383135821486805, -0,6451299479124395)(0,43671389376136505, -0,6346319680110493)(0,43514036619103746, -0,6242013284366084)(0,433592830834894, -0,6138382292373885)(0,4320711186015264, -0,6035428612646783)(0,43057505993379513, -0,5933154062680628)(0,4291044848314648, -0,5831560369904256)(0,42765922287360253, -0,573064917262665)(0,42623910324073977, -0,5630422020981194)(0,4248439547367985, -0,5530880377866962)
(0,4234736058107824, -0,5432025619886982)(0,4221278845782341, -0,5333859038283415)(0,42080661884245846, -0,5236381839869626)(0,419509636115514, -0,5139595147959013)(0,4182367636389719, -0,5043500003290653)(0,4169878284044441, -0,49480973649516224)(0,41576265717388167, -0,48533881112959953)(0,4145610764996433, -0,4759373040860422)(0,4133829127443357, -0,46660528732762696)(0,41222799210042615, -0,4573428250178333)
(0,4110961406096285, -0,44814997361098996)(0,4099871841820633, -0,4390267819424345)(0,4089009486151929, -0,42997329131830053)(0,4078372596125326, -0,42098953560494623)(0,40679594280213877, -0,41207554131800306)(0,40577682375487467, -0,4032313277110564)(0,40477972800245515, -0,39445690686393986)(0,40380448105527106, -0,3857522837706515)(0,4028509084199943, -0,37711745642687733)(0,40191883561696473, -0,3685524159171245)
(0,4010080881973594, -0,3600571465014615)(0,4001184917601458, -0,3516316257018546)(0,3992498719688196, -0,3432758243881051)(0,39840205456792804, -0,3349897068633778)(0,39757486539938003, -0,3267732309493221)(0,3967681304185439, -0,3186263480707754)(0,3959816757101342, -0,3105490033400562)(0,39521532750388777, -0,3025411356408312)(0,3944689121900312, -0,294602677711564)(0,39374225633453996, -0,2867335562285356)
(0,39303518669419035, -0,27893369188843753)(0,3923475302314059, -0,27120299949053184)(0,3916791141288985, -0,26354138801837523)(0,39102976580410614, -0,2559487607211124)(0,3903993129234277, -0,24842501519432014)(0,38978758341625624, -0,24097004346041695)(0,38919440548881185, -0,23358373204862248)(0,38861960763777526, -0,22626596207447225)(0,388063018663723, -0,21901660931888145)(0,3875244676843657, -0,21183554430675855)
(0,38700378414759024, -0,20472263238516097)(0,3865007978443072, -0,1976777338009983)(0,38601533892110457, -0,1907007037782762)(0,3855472378927089, -0,18379139259487687)(0,3850963256542551, -0,17694964565888194)(0,3846624334933662, -0,17017530358442867)(0,38424539310204364, -0,16346820226709902)(0,38384503658836994, -0,1568281729588441)(0,3834611964880248, -0,15025504234243758)(0,3830937057756153, -0,14374863260545823)
(0,3827423978758219, -0,1373087615138009)(0,3824071066743614, -0,13093524248471367)(0,38208766652876747, -0,12462788465935892)(0,38178391227899106, -0,11838649297489923)(0,3814956792578204, -0,11221086823610449)(0,3812228033011233, -0,10610080718648085)(0,3809651207579116, -0,10005610257892084)(0,3807224685002301, -0,09407654324586856)(0,38049468393287045, -0,0881619141690071)(0,3802816050029113, -0,08231199654846133)
(0,3800830702090864, -0,07652656787151635)(0,3798989186109811, -0,07080540198085172)(0,3797289898380593, -0,06514826914229044)(0,3795731240985213, -0,05955493611206153)(0,3794311621879941, -0,05402516620357556)(0,3793029454980557, -0,04855871935371425)(0,3791883160245939, -0,043155352188629426)(0,3790871163760015, -0,0378148180890574)(0,3789991897812086, -0,032536867255140045)(0,3789243800975537, -0,027321246770760865)
(0,3788625318184942, -0,022167700667389045)(0,3788134900811585, -0,017075969987434547)(0,37877710067373965, -0,012045792847113379)(0,3787532100427329, -0,007076904498822145)(0,3787416653000177, -0,00216903739302321)(0,3787423142297859, 0,0026780787603621903)(0,3787550052953166, 0,007464716931047555)(0,3787795876455998, 0,012191152707969)(0,3788159111218095, 0,016857664239361858)(0,37886382626362725, 0,021464532173325335)
(0,3789231843154183, 0,026012039598880765)(0,37899383723226077, 0,030500471987516375)(0,379075637685829, 0,03493011713522276)(0,37916843907013315, 0,039301265105017524)(0,3792720955071152, 0,043614208169957536)(0,37938646185210345, 0,04786924075664123)(0,37951139369912623, 0,05206665938919741)(0,3796467473860862, 0,05620676263376079)(0,37979237999979654, 0,06028985104343709)(0,37994814938087995, 0,06431622710375029)
(0,3801139141285321, 0,06828619517857981)(0,3802895336051506, 0,07220006145657876)(0,3804748679408301, 0,07605813389807925)(0,38066977803772584, 0,07986072218248008)(0,3808741255742862, 0,08360813765611641)(0,3810877730093551, 0,0873006932806133)(0,3813105835861463, 0,0909387035817184)(0,3815424213360902, 0,09452248459861545)(0,3817831510825547, 0,09805235383371769)(0,3820326384444408, 0,10152863020293856)
(0,3822907498396549, 0,10495163398644003)(0,38255735248845824, 0,10832168677985754)(0,38283231441669513, 0,1116391114459998)(0,38311550445890097, 0,11490423206702238)(0,3834067922612914, 0,11811737389707444)(0,3837060482846334, 0,1212788633154176)(0,38401314380700036, 0,1243890277800146)(0,3843279509264108, 0,12744819578158895)(0,3846503425633538, 0,1304566967981493)(0,3849801924632004, 0,13341486124998503)
(0,385317375198504, 0,13632302045512312)(0,38566176617118914, 0,13918150658525197)(0,38601324161463113, 0,14199065262210708)(0,3863716785956273, 0,14475079231431676)(0,3867369550162607, 0,14746226013470953)(0,38710894961565745, 0,15012539123807933)(0,3874875419716397, 0,15274052141940686)(0,38787261250227417, 0,1553079870725369)(0,3882640424673181, 0,1578281251493101)(0,3886617139695637, 0,1603012731191451)
(0,38906550995608213, 0,16272776892907315)(0,3894753142193677, 0,1651079509642217)(0,38989101139838467, 0,1674421580087424)(0,390312486979516, 0,1697307292071899)(0,3907396272974168, 0,17197400402633978)(0,39117231953577253, 0,1741723222174516)(0,3916104517279635, 0,17632602377897122)(0,3920539127576367, 0,17843544891967245)(0,3925025923591859, 0,18050093802223532)(0,3929563811181415, 0,18252283160726002)
(0,3934151704714708, 0,1845014702977137)(0,39387885270778966, 0,18643719478380816)(0,3943473209674874, 0,18833034578830854)(0,39482046924276537, 0,19018126403226931)(0,3952981923775899, 0,1919902902011943)(0,3957803860675619, 0,19375776491162355)(0,396266946859703, 0,19548402867814074)(0,39675777215215985, 0,1971694218807989)(0,3972527601938276, 0,19881428473296703)(0,39775181008389326, 0,20041895724959136)
(0,3982548217713006, 0,20198377921586963)(0,3987616960541369, 0,20350909015633967)(0,3992723345789432, 0,2049952293043753)(0,3997866398399485, 0,20644253557209158)(0,40030451517822974, 0,20785134752065648)(0,40082586478079735, 0,20922200333100438)(0,4013505936796088, 0,21055484077495246)(0,40187860775051, 0,21185019718671505)(0,402409813712106, 0,213108409434819)(0,40294411912456224, 0,21432981389440853)
(0,4034814323883368, 0,21551474641994872)(0,40402166274284496, 0,2166635423183163)(0,40456472026505713, 0,2177765363222799)(0,4051105158680307, 0,2188540625643678)(0,40565896129937723, 0,2198964545511184)(0,4062099691396656, 0,2209040451377149)(0,40676345280076254, 0,22187716650299727)(0,4073193265241106, 0,22281615012485312)(0,40787750537894574, 0,22372132675598477)(0,40843790526045415, 0,22459302640004752)
(0,40900044288787046, 0,2254315782881604)(0,40956503580251724, 0,2262373108557849)(0,41013160236578744, 0,22701055171996898)(0,41070006175707024, 0,22775162765695778)(0,41127033397162144, 0,22846086458016202)(0,41184233981837914, 0,22913858751849014)(0,412416000917726, 0,22978512059503453)(0,41299123969919815, 0,2304007870061131)(0,41356797939914264, 0,2309859090006643)(0,4141461440583234, 0,23154080785999165)
(0,41472565851947735, 0,23206580387785514)(0,41530644842482095, 0,2325612163409101)(0,4158884402135084, 0,23302736350948705)(0,41647156111904216, 0,2334645625987133)(0,4170557391666365, 0,23387312975997387)(0,41764090317053565, 0,23425338006270602)(0,4182269827312863, 0,23460562747652958)(0,418813908232966, 0,2349301848537082)(0,4194016108403684, 0,235227363911938)(0,41999002249614564, 0,23549747521746478)
(0,4205790759179087, 0,23574082816852449)(0,4211687045952873, 0,23595773097910477)(0,42175884278694925, 0,2361484906630278)(0,42234942551758026, 0,23631341301834752)(0,42294038857482563, 0,2364528026120638)(0,4235316685061937, 0,23656696276514788)(0,42412320261592246, 0,2366561955378781)(0,42471492896180957, 0,23672080171548182)(0,42530678635200736, 0,23676108079408342)(0,4258987143417828, 0,23677733096695563)
(0,4264906532302434, 0,23676984911106969)(0,4270825440570299, 0,23673893077394403)(0,42767432859897675, 0,23668487016078887)(0,4282659493667403, 0,2366079601219433)(0,4288573496013964, 0,23650849214060266)(0,42944847327100744, 0,23638675632083572)(0,4300392650671599, 0,23624304137588603)(0,4306296704014728, 0,23607763461675857)(0,4312196354020784, 0,2358908219410858)(0,4318091069100749, 0,23568288782227342)
(0,43239803247595265, 0,2354541152989229)(0,43298636035599436, 0,23520478596452676)(0,4335740395086495, 0,23493517995743618)(0,43416101959088427, 0,23464557595109836)(0,43474725095450756, 0,23433625114455992)(0,4353326846424731, 0,23400748125323512)(0,43591727238515937, 0,2336595404999351)(0,43650096659662696, 0,23329270160616034)(0,4370837203708547, 0,23290723578364503)(0,43766548747795503, 0,23250341272616204)
(0,43824622236036914, 0,23208150060157706)(0,43882588012904233, 0,23164176604415343)(0,43940441655958085, 0,23118447414710674)(0,4399817880883901, 0,2307098884554033)(0,44055795180879537, 0,23021827095880276)(0,44113286546714525, 0,22970988208514154)(0,44170648745889884, 0,22918498069385418)(0,44227877682469674, 0,22864382406973283)(0,44284969324641693, 0,22808666791691934)(0,4434191970432159, 0,2275137663531286)
(0,4439872491675556, 0,2269253719041029)(0,44455381120121684, 0,22632173549829204)(0,4451188453512996, 0,22570310646175917)(0,4456823144462108, 0,22506973251330864)(0,44624418193164067, 0,22442185975983353)(0,446804411866527, 0,22375973269188298)(0,447362968919009, 0,2230835941794429)(0,4479198183623712, 0,2223936854679327)(0,44847492607097683, 0,2216902461744097)(0,4490282585161926, 0,22097351428398682)
(0,44957978276230454, 0,22024372614645382)(0,4501294664624256, 0,2195011164731029)(0,45067727785439576, 0,21874591833375945)(0,45122318575667497, 0,21797836315400954)(0,4517671595642289, 0,2171986807126276)(0,45230916924440934, 0,21640709913919798)(0,45284918533282814, 0,2156038449119313)(0,4533871789292264, 0,2147891428556714)(0,45392312169333876, 0,21396321614009062)(0,4544569858407533, 0,2131262862780745)
(0,45498874413876783, 0,21227857312428755)(0,4555183699022428, 0,21142029487392522)(0,45604583698945117, 0,21055166806164305)(0,45657111979792586, 0,20967290756066714)(0,4570941932603053, 0,2087842265820785)(0,4576150328401774, 0,20788583667427285)(0,4581336145279223, 0,20697794772259104)(0,4586499148365544, 0,20606076794912087)(0,45916391079756425, 0,20513450391266574)(0,45967557995676045, 0,204199360508879)
(0,460184900370112, 0,2032555409705621)(0,4606918505995919, 0,2023032468681243)(0,46119640970902176, 0,2013426781102019)(0,4616985572599184, 0,2003740329444348)(0,4621982733073423, 0,19939750795839828)(0,4626955383957491, 0,19841329808068853)(0,46319033355484346, 0,19742159658215996)(0,4636826402954363, 0,19642259507731064)(0,46417244060530605, 0,1954164835258163)(0,4646597169450634, 0,19440345023420869)
(0,46514445224402096, 0,19338368185769927)(0,4656266298960672, 0,19235736340214116)(0,4661062337555456, 0,1913246782261342)(0,4665832481331396, 0,19028580804326523)(0,46705765779176267, 0,18924093292448418)(0,46752944794245493, 0,1881902313006154)(0,4679986042402862, 0,18713387996499908)(0,46846511278026576, 0,18607205407626304)(0,46892896009325885, 0,18500492716122308)(0,4693901331419113, 0,1839326711179099)
(0,4698486193165813, 0,18285545621871746)(0,47030440643127924, 0,1817734511136786)(0,4707574827196163, 0,1806868228338554)(0,47120783683076123, 0,1795957367948544)(0,4716554578254062, 0,1785003568004535)(0,47210033517174194, 0,17740084504634646)(0,47254245874144235, 0,17629736212400116)(0,47298181880565876, 0,17519006702462847)(0,47341840603102453, 0,17407911714325963)(0,4738522114756697, 0,17296466828293422)
(0,4742832265852463, 0,17184687465899318)(0,4747114431889648, 0,17072588890347462)(0,4751368534956412, 0,16960186206961492)(0,475559450089756, 0,1684749436364501)(0,4759792259275242, 0,16734528151351524)(0,47639617433297793, 0,1662130220456426)(0,4768102889940606, 0,16507831001785522)(0,47722156395873355, 0,16394128866035595)(0,47762999363109543, 0,1628020996536066)(0,4780355727675142, 0,16166088313350047)
(0,4784382964727723, 0,16051777769662157)(0,47883816019622516, 0,15937292040559514)(0,47923515972797287, 0,1582264467945198)(0,4796292911950459, 0,15707849087448822)(0,48002055105760444, 0,15592918513918663)(0,4804089361051522, 0,1547786605705792)(0,48079444345276395, 0,1536270466446692)(0,4811770705373283, 0,1524744713373405)(0,4815568151138044, 0,15132106113027333)(0,4819336752514942, 0,15016694101693728)
(0,4823076493303293, 0,14901223450865664)(0,48267873603717343, 0,14785706364074702)(0,48304693436213986, 0,14670154897872356)(0,483412243594925, 0,14554580962457764)(0,4837746633211576, 0,1443899632231216)(0,4841341934187634, 0,14323412596839757)(0,48449083405434673, 0,14207841261015375)(0,48484458567958755, 0,1409229364603819)(0,48519544902765555, 0,13976780939991595)(0,4855434251096405, 0,13861314188509266)
(0,4858885152109994, 0,13745904295446998)(0,48623072088802044, 0,136305620235603)(0,48657004396430403, 0,1351529799518767)(0,48690648652726104, 0,13400122692939154)(0,48724005092462813, 0,13285046460390393)(0,48757073976100085, 0,13170079502781906)(0,4878985558943838, 0,13055231887723173)(0,4882235024327588, 0,12940513545902088)(0,4885455827306709, 0,12825934271798722)(0,48886480038583185, 0,1271150372440406)
(0,48918115923574224, 0,125972314279432)(0,48949466335433117, 0,1248312677260297)(0,4898053170486147, 0,12369199015263765)(0,49011312485537206, 0,12255457280235649)(0,490418091537841, 0,12141910559998337)(0,49072022208243093, 0,12028567715945249)(0,4910195216954555, 0,11915437479131308)(0,4913159957998831, 0,11802528451024208)(0,49160965003210705, 0,11689849104259586)(0,49190049023873395, 0,11577407783399218)
(0,49218852247339145, 0,1146521270569294)(0,492473752993555, 0,11353271961843348)(0,49275618825739387, 0,11241593516773851)(0,4930358349206361, 0,1113018521039959)(0,493312699833453, 0,11019054758401214)(0,4935867900373632, 0,10908209753001352)(0,4938581127621558, 0,10797657663743787)(0,494126675422833, 0,10687405838275077)(0,49439248561657273, 0,10577461503128638)(0,4946555511197105, 0,1046783176451096)
(0,494915879884741, 0,10358523609090353)(0,49517348003733985, 0,1024954390478734)(0,4954283598734044, 0,10140899401567416)(0,49568052785611505, 0,10032596732235399)(0,4959299926130161, 0,09924642413231832)(0,49617676293311663, 0,09817042845430679)(0,4964208477640113, 0,09709804314939041)(0,4966622562090212, 0,09602932993897961)(0,49690099752435474, 0,0949643494128487)(0,49713708111628857, 0,09390316103717167)
(0,49737051653836867, 0,09284582316256951)(0,4976013134886315, 0,09179239303217046)(0,4978294818068455, 0,09074292678967799)(0,4980550314717723, 0,089697479487449)(0,49827797259844886, 0,08865610509457955)(0,49849831543548906, 0,08761885650499845)(0,49871607036240617, 0,08658578554556629)(0,4989312478869552, 0,08555694298418093)(0,49914385864249566, 0,08453237853788709)(0,4993539133853746, 0,08351214088098846)
(0,49956142299232975, 0,0824962776531648)(0,4997663984579133, 0,08148483546758967)(0,4999688508919357, 0,08047785991904943)(0,5001687915169297, 0,07947539559206351)(0,5003662316656352, 0,07847748606900229)(0,5005611827785037, 0,07748417393820572)(0,5007536564012234, 0,07649550080209888)(0,5009436641822645, 0,07551150728530542)(0,5011312178704455, 0,07453223304275536)(0,5013163293125178, 0,07355771676779232)
(0,5014990104507732, 0,07258799620027112)(0,5016792733206694, 0,07162310813465256)(0,5018571300484771, 0,07066308842809188)(0,5020325928489466, 0,06970797200851675)(0,5022056740229949, 0,06875779288270101)(0,5023763859554128, 0,06781258414432667)(0,5025447411125925, 0,06687237798203927)(0,5027107520402748, 0,06593720568748962)(0,5028744313613168, 0,06500709766336898)(0,5030357917734795, 0,0640820834314284)
(0,5031948460472352, 0,06316219164049075)(0,5033516070235958, 0,0622474500744441)(0,5035060876119599, 0,0613378856602278)(0,5036583007879805, 0,06043352447580097)(0,5038082595914526, 0,05953439175809638)(0,5039559771242207, 0,05864051191096076)(0,5041014665481055, 0,05775190851307821)(0,5042447410828514, 0,05686860432587704)(0,5043858140040931, 0,05599062130141985)(0,5045246986413416, 0,05511798059027706)
(0,5046614083759912, 0,054250702549380136)(0,504795956639344, 0,053388806749857576)(0,5049283569106563, 0,052532311984852864)(0,5050586227152027, 0,051681236277318465)(0,5051867676223606, 0,05083559688779493)(0,5053128052437137, 0,04999541032216448)(0,5054367492311753, 0,049160692339386136)(0,5055586132751305, 0,04833145795920801)(0,5056784111025976, 0,04750772146985738)(0,5057961564754091, 0,04668949643570697)
(0,5059118631884117, 0,045876795704920426)(0,5060255450676852, 0,04506963141707088)(0,5061372159687801, 0,04426801501073774)(0,5062468897749757, 0,043471957231077774)(0,5063545803955546, 0,042681468137370615)(0,5064603017640985, 0,04189655711053941)(0,5065640678368011, 0,041117232860645725)(0,5066658925908005, 0,04034350343435689)(0,5067657900225301, 0,039575376222387604)(0,5068637741460876, 0,03881285796691314)
(0,5069598589916235, 0,03805595476895718)(0,5070540586037469, 0,03730467209574817)(0,5071463870399502, 0,036559014788050126)(0,5072368583690525, 0,03581898706746389)(0,5073254866696605, 0,035084592543698)(0,5074122860286476, 0,03435583422181221)(0,507497270539652, 0,033632714509428396)(0,5075804543015913, 0,032915235223914596)(0,5076618514171961, 0,0322033975995355)(0,5077414759915615, 0,03149720229457276)
(0,5078193421307156, 0,030796649398416198)(0,507895463940206, 0,03010173843862063)(0,5079698555237045, 0,029412468387931767)(0,5080425309816285, 0,02872883767128176)(0,5081135044097801, 0,0280508441727485)(0,5081827898980027, 0,027378485242486983)(0,508250401528855, 0,026711757703623107)(0,508316353376302, 0,026050657859117088)(0,5083806595044227, 0,0253951814985931)(0,5084433339661357, 0,024745323905133176)
(0,5085043908019414, 0,024101079862039132)(0,5085638440386805, 0,023462443659559185)(0,5086217076883098, 0,022829409101580378)(0,5086779957466954, 0,022201969512284814)(0,5087327221924204, 0,021580117742774352)(0,5087859009856117, 0,020963846177655343)(0,5088375460667812, 0,020353146741592276)(0,5088876713556845, 0,019748010905822122)(0,508936290750195, 0,019148429694635816)(0,508983418125195, 0,018554393691821325)
(0,5090290673314823, 0,017965893047071857)(0,5090732521946931, 0,01738291748235765)(0,5091159865142403, 0,016805456298258914)(0,5091572840622681, 0,01623349838026611)(0,5091971585826222, 0,015667032205038733)(0,5092356237898351, 0,015106045846630334)(0,509272693368128, 0,014550526982674006)(0,5093083809704269, 0,014000462900532362)(0,5093427002173946, 0,0134558405034082)(0,5093756646964783, 0,012916646316417424)
(0,5094072879609716, 0,012382866492627098)(0,5094375835290919, 0,01185448681905088)(0,5094665648830726, 0,011331492722609582)(0,5094942454682708, 0,010813869276052213)(0,5095206386922888, 0,01030160120384016)(0,5095457579241106, 0,00979467288798963)(0,5095696164932534, 0,009293068373879887)(0,509592227688933, 0,00879677137601842)(0,5096136047592439, 0,008305765283771471)(0,5096337609103535, 0,007820033167052376)
(0,5096527093057105, 0,007339557781972594)(0,5096704630652675, 0,006864321576453891)(0,5096870352647176, 0,0063943066958005446)(0,5097024389347445, 0,005929494988233142)(0,5097166870602869, 0,00546986801038285)(0,5097297925798163, 0,005015407032746166)(0,5097417683846284, 0,004566093045100805)(0,5097526273181479, 0,004121906761882288)(0,509762382175247, 0,0036828286275203403)(0,5097710457015774, 0,003248838821736433)
(0,5097786305929142, 0,002819917264802241)(0,5097851494945146, 0,002396043622757027)(0,5097906150004883, 0,0019771973125881637)(0,5097950396531817, 0,001563357507368135)(0,5097984359425742, 0,0011545031413562334)(0,5098008163056876, 0,0007506129150574026)(0,509802193126008, 0,00035166530024266507)(0,5098025787329205, -4,2361455069084286E-05)(0,5098019854011551, -0,00043148932167103027)(0,5098004253502468, -0,0008157404842661364)
(0,5097979107440066, -0,0011951373366065887)(0,5097944536900046, -0,0015697024766687662)(0,509790066239066, -0,001939458701874841)(0,5097847603847776, -0,002304429004344577)(0,5097785480630078, -0,0026646365661973093)(0,509771441151437, -0,003020104754883235)(0,5097634514691, -0,0033708571185617764)(0,5097545907759402, -0,003716917381515472)(0,5097448707723748, -0,004058309439605612)(0,5097343030988718, -0,004395057355764731)
(0,5097228993355374, -0,004727185355531294)(0,5097106710017155, -0,005054717822621235)(0,5096976295555975, -0,0053776792945399166)(0,5096837863938433, -0,005696094458234491)(0,5096691528512131, -0,006009988145782241)(0,50965374020021, -0,006319385330122884)(0,5096375596507332, -0,006624311120822846)(0,5096206223497414, -0,006924790759887944)(0,509602939380927, -0,007220849617604053)(0,5095845217644009, -0,007512513188427494)
(0,5095653804563868, -0,007799807086906085)(0,5095455263489258, -0,008082757043641475)(0,5095249702695921, -0,008361388901293232)(0,5095037229812169, -0,008635728610616233)(0,5094817951816238, -0,008905802226539361)(0,5094591975033729, -0,00917163590428327)(0,5094359405135145, -0,009433255895513248)(0,5094120347133535, -0,00969068854453603)(0,5093874905382221, -0,00994396028452682)(0,5093623183572623, -0,010193097633800274)
(0,5093365284732178, -0,010438127192118785)(0,5093101311222348, -0,010679075637035407)(0,5092831364736723, -0,010915969720277197)(0,5092555546299209, -0,011148836264165407)(0,509227395626231, -0,011377702158073433)(0,509198669430549, -0,011602594354919837)(0,5091693859433638, -0,011823539867703126)(0,5091395549975597, -0,012040565766068934)(0,50910918635828, -0,012253699172917631)(0,5090782897227973, -0,01246296726104612)
(0,5090468747203939, -0,012668397249828267)(0,5090149509122484, -0,01287001640193175)(0,5089825277913319, -0,013067852020070436)(0,5089496147823125, -0,013261931443793173)(0,5089162212414662, -0,013452282046311659)(0,5088823564565975, -0,013638931231358509)(0,5088480296469665, -0,013821906430087072)(0,5088132499632244, -0,01400123509800455)(0,5087780264873563, -0,01417694471194153)(0,5087423682326316, -0,014349062767053944)
(0,5087062841435622, -0,01451761677386676)(0,5086697830958675, -0,01468263425534655)(0,5086328738964467, -0,014844142744012245)(0,5085955652833591, -0,01500216977908142)(0,5085578659258103, -0,01515674290364899)(0,5085197844241461, -0,015307889661902774)(0,5084813293098537, -0,015455637596372807)(0,5084425090455685, -0,015600014245213512)(0,5084033320250891, -0,015741047139522735)(0,5083638065733977, -0,01587876380069364)
(0,5083239409466881, -0,016013191737799026)(0,5082837433323992, -0,016144358445011164)(0,5082432218492561, -0,016272291399055394)(0,5082023845473161, -0,016397018056695245)(0,5081612394080227, -0,016518565852251754)(0,5081197943442637, -0,016636962195157423)(0,5080780572004371, -0,016752234467539928)(0,5080360357525222, -0,01686441002184047)(0,5079937377081569, -0,016973516178464543)(0,5079511707067205, -0,017079580223465562)
(0,5079083423194222, -0,017182629406258698)(0,5078652600493961, -0,017282690937370226)(0,507821931331801, -0,017379791986212645)(0,5077783635339255, -0,017473959678898865)(0,5077345639552995, -0,017565221096084382)(0,5076905398278103, -0,01765360327083787)(0,5076462983158243, -0,017739133186548628)(0,5076018465163135, -0,017821837774860683)(0,5075571914589875, -0,017901743913639745)(0,5075123401064309, -0,017978878424971256)
(0,5074672993542445, -0,018053268073185524)(0,5074220760311928, -0,01812493956291661)(0,5073766768993552, -0,01819391953719096)(0,5073311086542823, -0,018260234575543155)(0,5072853779251576, -0,018323911192165365)(0,5072394912749624, -0,018384975834081718)(0,5071934552006462, -0,018443454879356835)(0,5071472761333017, -0,01849937463532969)(0,5071009604383432, -0,01855276133687722)(0,5070545144156902, -0,01860364114470947)
(0,507007944299955, -0,018652040143689597)(0,5069612562606342, -0,018697984341183638)(0,5069144564023045, -0,01874149966544003)(0,5068675507648227, -0,018782611963994)(0,5068205453235292, -0,018821347002103028)(0,5067734459894555, -0,018857730461207645)(0,5067262586095362, -0,01889178793742108)(0,5066789889668236, -0,018923544940044668)(0,5066316427807069, -0,018953026890112135)(0,5065842257071345, -0,018980259118960063)
(0,5065367433388399, -0,019005266866821913)(0,5064892012055716, -0,019028075281456225)(0,5064416047743255, -0,019048709416792153)(0,5063939594495814, -0,01906719423160741)(0,5063462705735425, -0,019083554588228857)(0,5062985434263781, -0,019097815251261085)(0,5062507832264693, -0,01911000088633763)(0,5062029951306583, -0,019120136058901505)(0,5061551842344998, -0,019128245233005714)(0,5061073555725168, -0,019134352770144858)
(0,5060595141184578, -0,019138482928103606)(0,5060116647855576, -0,019140659859840703)(0,5059638124268007, -0,019140907612384517)(0,5059159618351875, -0,019139250125762786)(0,5058681177440035, -0,01913571123195279)(0,5058202848270903, -0,01913031465385373)(0,5057724676991194, -0,01912308400428442)(0,5057246709158691, -0,019114042785005836)(0,5056768989745032, -0,019103214385763234)(0,5056291563138517, -0,019090622083353104)
(0,5055814473146953, -0,0190762890407159)(0,5055337763000503, -0,01906023830604564)(0,5054861475354566, -0,019042492811924383)(0,5054385652292686, -0,019023075374482445)(0,5053910335329463, -0,019002008692575956)(0,5053435565413504, -0,018979315346987047)(0,5052961382930379, -0,018955017799648033)(0,5052487827705601, -0,01892913839288468)(0,505201493900763, -0,018901699348682577)(0,5051542755550886, -0,018872722767971695)
(0,5051071315498791, -0,018842230629937173)(0,5050600656466809, -0,0188102447913443)(0,5050130815525529, -0,018776786985888805)(0,5049661829203737, -0,018741878823564484)(0,5049193733491524, -0,018705541790055236)(0,50487265638434, -0,018667797246139983)(0,5048260355181422, -0,01862866642712513)(0,5047795141898338, -0,018588170442290775)(0,5047330957860745, -0,018546330274358702)(0,504686783641226, -0,018503166778981228)
(0,5046405810376702, -0,018458700684243823)(0,5045944912061286, -0,018412952590192155)(0,5045485173259834, -0,01836594296837557)(0,5045026625255987, -0,018317692161407884)(0,5044569298826439, -0,01826822038254816)(0,5044113224244172, -0,018217547715297933)(0,5043658431281709, -0,018165694113018382)(0,5043204949214366, -0,018112679398563536)(0,5042752806823525, -0,01805852326393076)(0,5042302032399907, -0,018003245269932133)
(0,5041852653746854, -0,017946864845876043)(0,5041404698183626, -0,017889401289273188)(0,5040958192548691, -0,01783087376555459)(0,504051316320304, -0,01777130130780824)(0,5040069636033488, -0,01771070281653131)(0,5039627636456003, -0,01764909705939921)(0,503918718941902, -0,017586502671050663)(0,5038748319406774, -0,017522938152887413)(0,5038311050442632, -0,017458421872892593)(0,5037875406092432, -0,0173929720654602)
(0,5037441409467823, -0,017326606831244984)(0,5037009083229611, -0,017259344137023902)(0,5036578449591106, -0,01719120181557221)(0,5036149530321476, -0,017122197565559993)(0,5035722346749102, -0,01705234895145402)(0,5035296919764927, -0,016981673403443587)(0,503487326982582, -0,01691018821737389)(0,5034451416957936, -0,016837910554697633)(0,5034031380760071, -0,016764857442437275)(0,5033613180407028, -0,016691045773164603)
(0,5033196834652977, -0,016616492304991404)(0,5032782361834812, -0,01654121366157435)(0,5032369779875521, -0,01646522633213321)(0,5031959106287538, -0,016388546671482374)(0,5031550358176109, -0,016311190900075268)(0,5031143552242646, -0,01623317510406075)(0,5030738704788086, -0,01615451523535416)(0,5030335831716244, -0,01607522711171816)(0,5029934948537168, -0,015995326416858635)(0,5029536070370487, -0,01591482870052996)
(0,5029139211948761, -0,015833749378655337)(0,5028744387620823, -0,01575210373345559)(0,5028351611355119, -0,015669906913592158)(0,5027960896743046, -0,015587173934321186)(0,5027572257002287, -0,015503919677657851)(0,502718570498014, -0,01542015889255266)(0,5026801253156837, -0,01533590619507974)(0,5026418913648869, -0,015251176068632688)(0,5026038698212297, -0,015165982864135508)(0,5025660618246065, -0,015080340800262437)
(0,5025284684795298, -0,014994263963664434)(0,5024910908554605, -0,014907766309213866)(0,5024539299871367, -0,014820861660250984)(0,5024169868749022, -0,014733563708845487)
--------------------------------------------------------------
