Method of Euler
X vector values:
(4, 0)(4, 0,02)(3,9999, 0,0398)(3,9997012499999998, 0,059401499999999996)(3,999404989375, 0,07880599125)(3,9990124469453123, 0,098014956284375)(3,9985248410465273, 0,1170298689562578)(3,9979433795991297, 0,13585219447192787)(3,9972692601777724, 0,15448338942520423)(3,996503670080202, 0,17292490183184106)
(3,9956477863958426, 0,19117817116392366)(3,9947027760740332, 0,20924462838426364)(3,9936697959919267, 0,22712569598079116)(3,992549993022043, 0,24482278800094287)(3,9913445040994833, 0,26233731008604366)(3,9900544562888043, 0,27967065950568065)(3,988680966850554, 0,29682422519206786)(3,9872251433074672, 0,3137993877744)(3,9856880835103268, 0,33059751961319334)(3,984070875703485, 0,347219984834613)
(3,982374598590053, 0,3636681393647843)(3,980600321396754, 0,3799433309640867)(3,9787491039384415, 0,3960468992614296)(3,9768219966822884, 0,41198017578850754)(3,97482004081164, 0,4277444840140339)(3,972744268289541, 0,4433411393779518)(3,970595701921927, 0,45877144932562)(3,9683753554204944, 0,4740367133419734)(3,9660842334652333, 0,4891382229856561)(3,963723331766642, 0,5040772619231257)
(3,9612936371276097, 0,5188551059627277)(3,9587961275049772, 0,5334730230887385)(3,956231772070771, 0,547932273495376)(3,9536015312731174, 0,5622341096207761)(3,9509063568968306, 0,576379776180934)(3,9481471921236837, 0,5903705102036088)(3,9453249715923566, 0,6042075410621911)(3,942440621458065, 0,617892090509531)(3,9394950594518723, 0,6314253727117259)(3,936489194939684, 0,6448085942818681)
(3,9334239289809254, 0,6580429543137478)(3,9303001543869045, 0,6711296444155149)(3,9271187557788596, 0,6840698487432944)(3,923880609645696, 0,6968647440347557)(3,9205865844014083, 0,7095154996426366)(3,9172375404421915, 0,7220232775682173)(3,913834330203245, 0,7343892324947461)(3,9103777982152628, 0,7466145118208148)(3,9068687811606204, 0,758700255693683)(3,9033081079292504, 0,7706475970425494)
(3,8996965996742143, 0,7824576616117701)(3,89603506986697, 0,7941315679940235)(3,8923243243523324, 0,8056704276634181)(3,8885651614031347, 0,8170753450085456)(3,884758371774584, 0,8283474173654758)(3,8809047387583204, 0,839487735050694)(3,877005038236171, 0,8504973813939787)(3,8730600387336107, 0,8613774327712197)(3,8690705014729208, 0,8721289586371755)(3,8650371804260524, 0,8827530215581684)
(3,8609608223671965, 0,893250677244717)(3,856842166925055, 0,9036229745841058)(3,8526819466348217, 0,91387095567289)(3,8484808869898703, 0,9239956558493352)(3,844239706493149, 0,9339981037257912)(3,839959116708287, 0,943879321220999)(3,8356398223104113, 0,9536403235923305)(3,8312825211366737, 0,9632821194679593)(3,826887904236492, 0,9728057108789631)(3,822456655921506, 0,9822120932913558)
(3,8179894538152452, 0,9915022556380498)(3,813486968902517, 1,0006771803507455)(3,8089498655785072, 1,0097378433917505)(3,8043788016976023, 1,0186852142857257)(3,7997744286219297, 1,0275202561513563)(3,795137391269618, 1,0362439257329523)(3,7904683281627793, 1,044857173431971)(3,7857678714752123, 1,0533609433384652)(3,781036647079832, 1,0617561732624565)(3,77627527459582, 1,070043794765231)
(3,7714843674355043, 1,078224733190558)(3,766664532850963, 1,0862999076958297)(3,7618163719803563, 1,0942702312831263)(3,7569404798939896, 1,1021366108301969)(3,7520374456401036, 1,1098999471213649)(3,7471078522903967, 1,1175611348783516)(3,742152276985279, 1,1251210627910202)(3,7371712909788606, 1,1325806135480363)(3,732165459683673, 1,1399406638674503)(3,7271353427151266, 1,1472020845271942)
(3,7220814939357028, 1,1543657403954979)(3,717004461498886, 1,1614324904612214)(3,711904787892833, 1,1684031878641037)(3,70678300998378, 1,1752786799249269)(3,7016396590591962, 1,1820598081755964)(3,6964752608706704, 1,1887474083891365)(3,691290335676548, 1,1953423106095984)(3,6860853982843085, 1,201845339181885)(3,6808609580926883, 1,2082573127814877)(3,675617519133549, 1,2145790444441362)
(3,6703555801134944, 1,2208113415953625)(3,665075634455234, 1,2269550060799763)(3,6597781703386962, 1,2330108341914527)(3,654463670741892, 1,2389796167012317)(3,649132613481531, 1,2448621388879288)(3,6437854712533877, 1,2506591805664573)(3,638422711672422, 1,2563715161170597)(3,633044797312656, 1,261999914514251)(3,627652185746803, 1,2675451393556718)(3,622245329585658, 1,273007948890849)
(3,6168246765172394, 1,2783890960498687)(3,6113906693456967, 1,2836893284719562)(3,605943746029973, 1,288909388533965)(3,600484339722228, 1,2940500133787753)(3,5950128788060285, 1,2991119349435987)(3,5895297869342953, 1,3040958799881928)(3,5840354830670185, 1,3090025701229824)(3,578530381508736, 1,3138327218370875)(3,5730148919457787, 1,3185870465262604)(3,567489419483283, 1,3232662505207267)
(3,561954364681971, 1,327871035112936)(3,556410123594701, 1,3324020965852164)(3,5508570878027883, 1,3368601262373376)(3,5452956444520947, 1,3412458104139782)(3,5397261762888945, 1,3455598305320988)(3,5341490616955116, 1,3498028631082224)(3,5285646747257315, 1,3539755797856177)(3,522973385139989, 1,3580786473613902)(3,517375558440332, 1,3621127278134761)(3,511771555905164, 1,366078478327543)
(3,5061617346237637, 1,3699765513237934)(3,5005464475305854, 1,3738075944836743)(3,4949260434393405, 1,3775722507764905)(3,4893008670768597, 1,3812711584859223)(3,483671259116738, 1,3849049512364473)(3,478037556212764, 1,3884742580196665)(3,4724000910321338, 1,3919797032205337)(3,4667591922884506, 1,395421906643489)(3,461115184774512, 1,3988014835384963)(3,455468389394883, 1,402119044626984)
(3,449819123198261, 1,4053751961276886)(3,444167699409627, 1,408570539782403)(3,4385144274621906, 1,4117056728816273)(3,432859613029127, 1,414781188290122)(3,427203558055104, 1,4177976744723664)(3,421546560787604, 1,4207557155179182)(3,4158889158080457, 1,423655891166677)(3,410230914062692, 1,4264987768340505)(3,4045728428933653, 1,4292849436360233)(3,3989149860679517, 1,43201495841413)
(3,3932576238107113, 1,4346893837603285)(3,3876010328323827, 1,4373087780417788)(3,3819454863600926, 1,439873695425523)(3,376291254167065, 1,4423846859030682)(3,3706386026021318, 1,444842295314873)(3,364987794619052, 1,447247065374735)(3,359339089805631, 1,4495995336940828)(3,3536927444126463, 1,4519002338061702)(3,348049011382584, 1,4541496951901718)(3,3424081403781765, 1,456348443295183)
(3,336770377810755, 1,458496999564122)(3,3311359668684077, 1,4605958814575344)(3,325505147543949, 1,4626456024773011)(3,319878156662703, 1,4646466721902478)(3,314255227910095, 1,466599596251659)(3,3086365918590612, 1,4685048764286928)(3,30302247599727, 1,4703630106237011)(3,2974131047541584, 1,4721744928974505)(3,2918086995277855, 1,4739398134922468)(3,286209478711505, 1,4756594588549632)
(3,2806156577204515, 1,477333911659971)(3,2750274490178506, 1,4789636508319737)(3,269445062141146, 1,4805491515687432)(3,2638687037279497, 1,4820908853637615)(3,258298577541811, 1,4835893200287638)(3,252734884497813, 1,4850449197161852)(3,2471778226879877, 1,4864581449415124)(3,24162758740656, 1,4878294526055371)(3,236084371175016, 1,4891592960165145)(3,230548363766996, 1,4904481249122246)
(3,2250197522330173, 1,4916963854819374)(3,219498720925025, 1,4929045203882831)(3,213985451520771, 1,4940729687890255)(3,208480123048024, 1,4952021663587391)(3,2029829119086104, 1,496292545310392)(3,197493991902287, 1,497344534416831)(3,192013534250447, 1,4983585590321742)(3,1865417076196603, 1,4993350411131048)(3,1810786781450457, 1,500274399240072)(3,175624609453483, 1,5011770486383964)
(3,170179662686657, 1,5020434011992798)(3,1647439965239443, 1,5028738655007203)(3,1593177672051307, 1,5036688468283328)(3,153901128552976, 1,5044287471960751)(3,1484942319956133, 1,5051539653668793)(3,14309722658879, 1,5058448968731886)(3,137710259037952, 1,5065019340374006)(3,1323334737201702, 1,5071254659922164)(3,126967012705909, 1,507715878700895)(3,1216110157806396, 1,5082735549774158)
(3,116265620466301, 1,5087988745065448)(3,110930962042602, 1,509292213863811)(3,1056071735681767, 1,509753946535386)(3,1002943859015795, 1,510184442937873)(3,0949927277221363, 1,5105840704380022)(3,089702325550641, 1,5109531933722329)(3,084423303769903, 1,5112921730662638)(3,079155784645147, 1,5116013678544507)(3,073899888344262, 1,511881133099132)(3,0686557329579056, 1,512131821209862)
(3,0634234345194615, 1,512353781662553)(3,05820310702485, 1,5125473610185247)(3,0529948624521954, 1,5127129029434636)(3,0477988107813476, 1,5128507482262898)(3,042615060013263, 1,5129612347979338)(3,03744371618924, 1,5130446977500207)(3,032284883410017, 1,5131014693534668)(3,0271386638547244, 1,513131879076982)(3,0220051577997027, 1,513136253605486)(3,016884463637176, 1,5131149168584297)
(3,0117766778937907, 1,5130681900080312)(3,006681895249016, 1,5129963914974198)(3,0016002085534064, 1,5128998370586908)(2,9965317088467294, 1,512778839730871)(2,991476485375958, 1,512633709877796)(2,9864346256131293, 1,5124647552058978)(2,981406215273067, 1,5122722807819045)(2,976391338330975, 1,5120565890504507)(2,9713900770398953, 1,5118179798516012)(2,9664025119480377, 1,5115567504382845)
(2,961428721915976, 1,5112731954936418)(2,956468784133718, 1,5109676071482854)(2,951522774137642, 1,510640274997471)(2,946590765827311, 1,5102914861181844)(2,9416728314821516, 1,509921525086139)(2,9367690417780157, 1,5095306739926884)(2,931879465803607, 1,5091192124616515)(2,92700417107679, 1,508687417666053)(2,9221432235607674, 1,5082355643447765)(2,9172966876801416, 1,5077639248191326)
(2,9124646263368454, 1,507272769009342)(2,907647100925957, 1,5067623644509327)(2,9028441713513873, 1,5062329763110531)(2,8980558960414537, 1,5056848674046996)(2,893282331964327, 1,50511829821086)(2,8885235346433618, 1,504533526888573)(2,8837795581723107, 1,503930809292904)(2,8790504552304155, 1,5033103989908365)(2,874336277097385, 1,5026725472770803)(2,8696370736682564, 1,5020175031897964)
(2,864952893468137, 1,5013455135262397)(2,8602837836668353, 1,500656822858318)(2,8556297900933765, 1,499951673548069)(2,850990957250403, 1,4992303057630552)(2,8463673283284616, 1,4984929574916765)(2,841758945220182, 1,4977398645584021)(2,83716584853434, 1,496971260638919)(2,8325880776098096, 1,4961873772752015)(2,828025670529409, 1,4953884438904985)(2,823478664133633, 1,4945746878042405)
(2,818947094034278, 1,4937463342468662)(2,814430994627958, 1,4929036063745689)(2,8099303991095153, 1,4920467252839629)(2,805445339485322, 1,4911759100266708)(2,8009758465864754, 1,4902913776238307)(2,79652195008189, 1,4893933430805248)(2,7920836784912826, 1,4884820194001291)(2,7876610591980535, 1,4875576175985843)(2,7832541184620654, 1,4866203467185888)(2,778862881432317, 1,4856704138437131)
(2,7744873721595176, 1,4847080241124375)(2,7701276136085564, 1,4837333807321107)(2,7657836276708743, 1,4827466849928324)(2,761455435176733, 1,4817481362812583)(2,757143055907385, 1,4807379320943295)(2,7528465086071447, 1,479716268052923)(2,748565810995362, 1,4786833379154294)(2,7443009797782967, 1,4776393335912519)(2,7400520306608946, 1,476584445154231)(2,735818978358471, 1,475518860855993)
(2,731601836608295, 1,4744427671392255)(2,727400618181078, 1,4733563486508747)(2,723215334892371, 1,4722597882552713)(2,7190459976138635, 1,4711532670471803)(2,714892616284593, 1,4700369643647777)(2,710755199922058, 1,4689110578025528)(2,70663375663324, 1,4677757232241375)(2,7025282936255364, 1,4666311347750622)(2,698438817217597, 1,4654774648954394)(2,694365332850076, 1,464314884332573)
(2,690307845096288, 1,4631435621534976)(2,6862663576727797, 1,4619636657574442)(2,6822408734498104, 1,4607753608882337)(2,678231394461745, 1,4595788116466004)(2,6742379219173573, 1,458374180502443)(2,670260456210052, 1,4571616283070055)(2,6662989969279915, 1,4559413143049857)(2,6623535428641465, 1,454713396146576)(2,6584240920262534, 1,453478029899431)(2,6545106416466906, 1,452235370060568)
(2,650613188192271, 1,4509855695681957)(2,6467317273739495, 1,449728779813475)(2,642866254156447, 1,44846515065221)(2,639016762767795, 1,4471948304164701)(2,635183246708793, 1,4459179659261443)(2,6313656987623903, 1,444634702500427)(2,6275641110029824, 1,4433451839692346)(2,6237784748056288, 1,4420495526845571)(2,620008780855192, 1,4407479495317397)(2,6162550191553953, 1,4394405139406983)
(2,6125171790378032, 1,4381273838970683)(2,6087952491707234, 1,4368086959532866)(2,6050892175680302, 1,4354845852396074)(2,6013990715979123, 1,4341551854750516)(2,597724797991542, 1,4328206289782905)(2,594066382851672, 1,4314810466784653)(2,59042381166115, 1,430136568125939)(2,5867970692913675, 1,4287873215029854)(2,5831861400106244, 1,4274334336344123)(2,579591007492426, 1,4260750299981213)
(2,5760116548237044, 1,4247122347356023)(2,572448064512967, 1,4233451706623648)(2,568900218498373, 1,421973959278306)(2,5653680981557354, 1,4205987207780149)(2,561851684306456, 1,4192195740610134)(2,5583509572253846, 1,4178366367419355)(2,5548658966486113, 1,4164500251606431)(2,5513964817811865, 1,4150598543922797)(2,547942691304772, 1,413666238257263)(2,5445045033852236, 1,412269289331214)
(2,5410818956801045, 1,4108691189548281)(2,53767484534613, 1,4094658372436804)(2,5342833290465463, 1,4080595530979743)(2,53090732295844, 1,4066503742122272)(2,5275468027799826, 1,4052384070848971)(2,524201743737608, 1,4038237570279481)(2,520872120593124, 1,4024065281763567)(2,5175579076507595, 1,4009868234975587)(2,514259078764145, 1,3995647448008368)(2,5109756073432306, 1,3981403927466491)
(2,5077074663611394, 1,3967138668558987)(2,504454628360957, 1,3952852655191454)(2,501217065462459, 1,3938546860057588)(2,497994749368774, 1,3924222244730136)(2,4947876513729867, 1,3909879759751274)(2,491595742364679, 1,389552034472241)(2,4884189928364058, 1,3881144928393419)(2,485257372890118, 1,3866754428751304)(2,482110852243517, 1,3852349753108297)(2,478979400236354, 1,3837931798189391)
(2,4758629858366685, 1,3823501450219315)(2,4727615776469674, 1,3809059585008956)(2,4696751439103455, 1,3794607068041214)(2,466603652516549, 1,3780144754556318)(2,463547071007979, 1,3765673489636583)(2,460505366585641, 1,3751194108290616)(2,4574785061150313, 1,3736707435536992)(2,4544664561319753, 1,3722214286487373)(2,4514691828484017, 1,3707715466429098)(2,448486652158066, 1,3693211770907228)
(2,4455188296422175, 1,3678703985806058)(2,4425656805752087, 1,3664192887430109)(2,4396271699300556, 1,364967924258457)(2,436703262383938, 1,3635163808655226)(2,433793922323651, 1,3620647333687872)(2,4308991138509977, 1,3606130556467175)(2,4280188007881365, 1,3591614206595053)(2,4251529466828687, 1,357709900456851)(2,4223015148138773, 1,3562585661856967)(2,419464468195914, 1,354807488097909)
(2,4166417695849347, 1,3533567355579095)(2,4138333814831827, 1,351906377050255)(2,4110392661442237, 1,3504564801871684)(2,4082593855779275, 1,3490071117160178)(2,4054937015554025, 1,3475583375267473)(2,4027421756138803, 1,3461102226592567)(2,400004769061549, 1,3446628313107336)(2,3972814429823415, 1,343216226842934)(2,394572158240671, 1,3417704717894163)(2,391876875486122, 1,3403256278627256)
(2,3891955551580932, 1,338881755961529)(2,3865281574903903, 1,337438916177704)(2,3838746425157757, 1,335997167803379)(2,3812349700704694, 1,3345565693379242)(2,3786090997986036, 1,3331171784948974)(2,3759969911566325, 1,3316790522089414)(2,373398603417696, 1,3302422466426351)(2,370813895675939, 1,3288068171932972)(2,3682428268507825, 1,327372818499744)(2,365685355691157, 1,3259403044490004)
(2,363141440779684, 1,324509328182966)(2,36061104053682, 1,3230799421050348)(2,358094113224953, 1,3216521978866684)(2,355590616952457, 1,3202261464739264)(2,3531005096777062, 1,3188018380939495)(2,3506237492130424, 1,3173793222613985)(2,3481602932287027, 1,3159586477848497)(2,345710099256707, 1,3145398627731448)(2,3432731246946994, 1,313123014641697)(2,3408493268097543, 1,3117081501187535)
(2,3384386627421363, 1,3102953152516148)(2,3360410895090227, 1,3088845554128092)(2,333656564008186, 1,3074759153062263)(2,331285043021634, 1,306069438973205)(2,328926483219214, 1,3046651697985812)(2,326580841162173, 1,3032631505166914)(2,324248073306684, 1,3018634232173354)(2,321928136007331, 1,3004660293516954)(2,319620985520554, 1,2990710097382152)(2,3173265780080614, 1,2976784045684358)
(2,3150448695401993, 1,2962882534127917)(2,312775816099285, 1,2949005952263648)(2,310519373582905, 1,2935154683545975)(2,3082754978071747, 1,292132910538966)(2,3060441445099618, 1,2907529589226123)(2,303825269354074, 1,289375650055936)(2,301618827930409, 1,288001019902147)(2,2994247757610724, 1,2866291038427775)(2,2972430683024556, 1,2852599366831552)(2,2950736609482836, 1,283893552657836)
(2,2929165090326236, 1,282529985435999)(2,290771567832862, 1,281169268126802)(2,288638792572646, 1,2798114332846984)(2,286518138424791, 1,2784565129147145)(2,2844095605141552, 1,2771045384776913)(2,2823130139204815, 1,2757555408954853)(2,280228453681203, 1,2744095505561328)(2,2781558347942195, 1,2730665973189774)(2,276095112220639, 1,2717267105197587)(2,274046240887489, 1,2703899189756642)
(2,2720091756903917, 1,269056250990345)(2,269983871496214, 1,2677257343588935)(2,267970283145679, 1,2663983963727856)(2,265968365455951, 1,265074263824786)(2,263978073223187, 1,263753363013818)(2,26199936122506, 1,2624357197497957)(2,2600321842232485, 1,2611213593584232)(2,258076496965898, 1,2598103066859552)(2,2561322541900535, 1,2585025861039252)(2,2541994106240586, 1,2571982215138362)
(2,252277920989929, 1,2558972363518182)(2,250367740005695, 1,2545996535932495)(2,2484688223877147, 1,2533054957573455)(2,246581122852959, 1,2520147849117107)(2,244704596121268, 1,2507275426768585)(2,2428391969175805, 1,2494437902306963)(2,240984879974133, 1,2481635483129772)(2,239141600032633, 1,2468868372297182)(2,2373093118464027, 1,245613676857584)(2,235487970182499, 1,2443440866482403)
(2,2336775298238014, 1,2430780856326704)(2,2318779455710787, 1,2418156924254626)(2,2300891722450236, 1,2405569252290634)(2,228311164688266, 1,2393018018379978)(2,226543877767355, 1,238050339643059)(2,2247872663747215, 1,2368025556354654)(2,2230412854306074, 1,2355584664109844)(2,221305889884976, 1,2343180881740277)(2,2195810347193934, 1,2330814367417122)(2,2178666749488865, 1,231848527547892)
(2,216162765623775, 1,2306193756471575)(2,2144692618314794, 1,2293939957188047)(2,2127861186983067, 1,228172402070774)(2,211113291391207, 1,2269546086435579)(2,209450735119511, 1,2257406290140784)(2,207798405136642, 1,2245304763995353)(2,2061562567418025, 1,223324163661223)(2,204524245281642, 1,2221217033083198)(2,202902326151896, 1,220923107501645)(2,201290454799008, 1,219728388057388)
(2,1996885867217237, 1,2185375564508092)(2,1980966774726656, 1,2173506238199097)(2,1965146826598843, 1,2161676009690738)(2,194942557948389, 1,2149884983726824)(2,1933802590616547, 1,2138133261786976)(2,191827741783107, 1,212642094212219)(2,190284961957588, 1,2114748119790122)(2,188751875492799, 1,21031148866901)(2,187228438360722, 1,2091521331597839)(2,1857146065990216, 1,2079967540199896)
(2,184210336312424, 1,2068453595127848)(2,182715583674079, 1,205697957599219)(2,1812303049268977, 1,2045545559415973)(2,1797544563848725, 1,2034151619068159)(2,1782879944343763, 1,202279782569672)(2,1768308755354417, 1,2011484247161472)(2,1753830562230223, 1,200021094846663)(2,1739444931082312, 1,1988977991793115)(2,172515142879564, 1,1977785436530595)(2,1710949623040996, 1,1966633339309267)
(2,1696839082286847, 1,195552175403138)(2,1682819375810976, 1,19444507319025)(2,1668890073711937, 1,1933420321462531)(2,1655050746920343, 1,1922430568616464)(2,164130096720996, 1,1911481516664901)(2,162764030720861, 1,1900573206334302)(2,161406834040892, 1,1889705675807)(2,160058464117886, 1,1878878960750976)(2,1587188784772158, 1,1868093094349361)(2,157388034733848, 1,1857348107329728)
(2,1560658905933483, 1,1846644027993123)(2,1547524038528683, 1,1835980882242858)(2,1534475324021147, 1,1825358693613073)(2,152151234224303, 1,1814777483297048)(2,1508634673970937, 1,1804237270175293)(2,1495841900935133, 1,1793738070843394)(2,1483133605828577, 1,1783279899639636)(2,147050937231581, 1,1772862768672383)(2,1457968785041657, 1,1762486687847238)(2,144551142963982, 1,1752151664893973)
(2,143313689274125, 1,1741857705393233)(2,142084476198243, 1,1731604812803007)(2,140863462601346, 1,1721392988484889)(2,1396506074506, 1,1711222231730107)(2,1384458698161084, 1,1701092539785336)(2,1372492088716752, 1,1691003907878288)(2,136060583895557, 1,1680956329243088)(2,1348799542711965, 1,1670949795145436)(2,133707279487946, 1,1660984294907542)(2,132542519141772, 1,1651059815932863)
(2,1313856329359515, 1,1641176343730624)(2,1302365806817463, 1,1631333861940114)(2,129095322299072, 1,16215323523548)(2,127961817817147, 1,1611771794946206)(2,126836027375131, 1,1602052167887602)(2,1257179112227496, 1,1592373447577482)(2,124607429720904, 1,1582735608662844)(2,1235045433422703, 1,157313862406226)(2,1224092126718834, 1,156358246498875)(2,1213213984077095, 1,1554067100972458)
(2,120241061361204, 1,154459249988312)(2,1191681624578598, 1,1535158627952349)(2,118102662737739, 1,1525765449795717)(2,1170445233559967, 1,1516412928434647)(2,1159937055833895, 1,15071010253181)(2,114950170806772, 1,1497829700344089)(2,113913880529583, 1,1488598911880987)(2,1128847963723185, 1,1479408616788656)(2,1118628800729935, 1,1470258770439385)(2,1108480934875913, 1,1461149326738642)
(2,109840398590503, 1,1452080238145634)(2,108839757474954, 1,1443051455693702)(2,1078461323534197, 1,1434062929010513)(2,1068594855580307, 1,1425114606338078)(2,1058797795409667, 1,1416206434552598)(2,104906976874838, 1,140733835918412)(2,103941040253059, 1,1398510324436022)(2,1029819324902084, 1,1389722273204315)(2,1020296165223806, 1,1380974147096783)(2,1010840554075263, 1,1372265886451933)
(2,1001452123257813, 1,136359743035779)(2,099213050579788, 1,1354968716670502)(2,0982875335950033, 1,1346379682032786)(2,097368624919999, 1,1337830261892208)(2,096456288226753, 1,1329320390519286)(2,0955504873109265, 1,132085000102543)(2,0946511860921366, 1,1312419025380722)(2,093758348614216, 1,1304027394431522)(2,0928719390454646, 1,1295675037917918)(2,091991921678892, 1,1287361884491012)
(2,0911182609324492, 1,1279087861730046)(2,090250921349253, 1,127085289615937)(2,0893898675978004, 1,1262656913265239)(2,088535064472173, 1,1254499837512477)(2,0876864768922365, 1,1246381592360961)(2,0868440699038255, 1,1238302100281963)(2,086007808678925, 1,1230261282774334)(2,085177658515841, 1,1222259060380537)(2,084353584839361, 1,1214295352702524)(2,083535553200911, 1,1206370078417467)
(2,0827235292787, 1,1198483155293337)(2,0819174788778567, 1,119063450020434)(2,08111736793056, 1,118282402914619)(2,0803231624961604, 1,1175051657251256)(2,0795348287612945, 1,1167317298803552)(2,0787523330399895, 1,1159620867253581)(2,077975641773763, 1,1151962275233045)(2,077204721531712, 1,1144341434569403)(2,076439539010598, 1,1136758256300294)(2,0756800610349213, 1,112921265068782)
(2,07492625455699, 1,112170452723269)(2,0741780866569814, 1,1114233794688213)(2,0734355245429947, 1,110680036107418)(2,0726985355511003, 1,109940413369059)(2,071967087145377, 1,1092045019131238)(2,071241146917948, 1,1084722923297194)(2,0705206825890046, 1,107743775141012)(2,069805662006827, 1,1070189408025468)(2,069096053147797, 1,1062977797045555)(2,0683918241164045, 1,1055802821732488)
(2,0676929431452473, 1,1048664384720983)(2,066999378595024, 1,1041562388031037)(2,066311098954521, 1,1034496733080477)(2,0656280728405942, 1,1027467320697397)(2,0649502689981443, 1,1020474051132454)(2,064277656300083, 1,1013516824071037)(2,063610203747297, 1,100659553864533)(2,062947880468606, 1,0999710093446242)(2,0622906557207115, 1,099286038653521)(2,061638498888142, 1,0986046315455893)
(2,0609913794831938, 1,097926777724574)(2,0603492671458628, 1,0972524668447443)(2,0597121316437743, 1,096581688512026)(2,059079942872105, 1,0959144322851246)(2,058452670853499, 1,095250687676634)(2,057830285737982, 1,094590444154135)(2,0572127578028665, 1,0939336911412836)(2,056600057452653, 1,093280418018885)(2,055992155218927, 1,0926306141259594)(2,05538902176025, 1,0919842687607944)
(2,0547906278620456, 1,0913413711819877)(2,0541969444364807, 1,090701910609478)(2,053607942522342, 1,0900658762255655)(2,0530235932849084, 1,0894332571759215)(2,0524438680158164, 1,088804042570587)(2,051868738132924, 1,0881782214849602)(2,051298175180167, 1,0875557829607752)(2,050732150827413, 1,0869367160070682)(2,050170636870309, 1,0863210096011346)(2,0496136052301277, 1,0857086526894748)
(2,049061027953605, 1,0850996341887307)(2,048512877212777, 1,0844939429866114)(2,047969125304812, 1,0838915679428092)(2,047429744651836, 1,0832924978899052)(2,0468947078007567, 1,0826967216342653)(2,0463639874230832, 1,0821042279569264)(2,045837556314741, 1,0815150056144724)(2,045315387395882, 1,0809290433399015)(2,044797453710693, 1,080346329843482)(2,0442837284271986, 1,0797668538136005)
(2,0437741848370625, 1,0791906039176005)(2,043268796355382, 1,0786175688026098)(2,0427675365204805, 1,0780477370963606)(2,0422703789936976, 1,0774810974079994)(2,0417772975591735, 1,0769176383288879)(2,041288266123631, 1,0763573484333948)(2,0408032587161546, 1,075800216279679)(2,040322249487966, 1,0752462304104629)(2,0398452127121938, 1,074695379353798)(2,0393721227836443, 1,074147651623821)
(2,038902954218566, 1,0736030357215012)(2,038437681654412, 1,073061520135379)(2,037976279849599, 1,0725230933422973)(2,0375187236832635, 1,0719877438081225)(2,0370649881550147, 1,0714554599884576)(2,036615048384685, 1,070926230329348)(2,0361688796120765, 1,070400043267978)(2,035726457196706, 1,0698768872333586)(2,0352877566175476, 1,0693567506470085)(2,0348527534727685, 1,0688396219236262)
(2,0344214234794684, 1,0683254894717538)(2,033993742473411, 1,0678143416944337)(2,033569686408755, 1,0673061669898565)(2,033149231357784, 1,0668009537520018)(2,0327323535106294, 1,0662986903712708)(2,0323190291749964, 1,0657993652351112)(2,0319092347758834, 1,0653029667286351)(2,0315029468553005, 1,0648094832352282)(2,031100142071986, 1,0643189031371525)(2,03070079720112, 1,0638312148161408)
(2,0303048891340367, 1,063346406653985)(2,0299123948779316, 1,0628644670331153)(2,0295232915555714, 1,0623853843371738)(2,0291375564049967, 1,0619091469515798)(2,0287551667792263, 1,061435743264089)(2,028376100145958, 1,0609651616653444)(2,0280003340872663, 1,0604973905494208)(2,027627846299301, 1,060032418314363)(2,027258614591981, 1,059570233362716)(2,0268926168886874, 1,0591108241020486)
(2,026529831225955, 1,0586541789454715)(2,026170235753163, 1,0582002863121467)(2,0258138087322193, 1,057749134627791)(2,02546052853725, 1,057300712325174)(2,0251103736542806, 1,0568550078446086)(2,0247633226809216, 1,056412009634434)(2,024419354326047, 1,0559717061514944)(2,0240784474094746, 1,0555340858616096)(2,023740580861643, 1,055099137240041)(2,0234057337232887, 1,0546668487719486)
(2,023073885145121, 1,0542372089528456)(2,022745014387494, 1,0538102062890427)(2,02241910082008, 1,0533858292980898)(2,0220961239215396, 1,0529640665092093)(2,02177606327919, 1,052544906463725)(2,0214588985886732, 1,0521283377154835)(2,021144609653624, 1,0517143488312721)(2,0208331763853336, 1,0513029283912276)(2,020524578802414, 1,050894064989242)(2,020218797030462, 1,0504877472333616)
(2,019915811301719, 1,0500839637461803)(2,0196156019547336, 1,0496827031652272)(2,0193181494340204, 1,0492839541433485)(2,0190234342897186, 1,048887705349085)(2,018731437177249, 1,0484939454670428)(2,0184421388569707, 1,0481026631982586)(2,018155520193837, 1,047713847260561)(2,0178715621570498, 1,0473274863889246)(2,0175902458197124, 1,0469435693358207)(2,017311552358484, 1,046562084871561)
(2,0170354630532303, 1,046183021784638)(2,016761959286674, 1,0458063688820578)(2,016491022544047, 1,0454321149896706)(2,0162226344127383, 1,045060248952494)(2,015956776581944, 1,0446907596350328)(2,015693430842314, 1,0443236359215922)(2,0154325790856005, 1,0439588667165878)(2,0151742033043036, 1,04359644094485)(2,014918285591319, 1,0432363475519228)(2,014664808139581, 1,0428785755043601)
(2,01441375324171, 1,0425231137900144)(2,0141651032896557, 1,0421699514183227)(2,01391884077434, 1,0418190774205878)(2,013674948285301, 1,0414704808502535)(2,0134334085103363, 1,0411241507831774)(2,0131942042351447, 1,0407800763178974)(2,012957318342967, 1,0404382465758941)(2,0127227338142304, 1,04009865070185)(2,0124904337261857, 1,0397612778639025)(2,0122604012525507, 1,0394261172538943)
(2,0120326196631497, 1,0390931580876182)(2,011807072323554, 1,0387623896050577)(2,01158374269472, 1,0384338010706249)(2,0113626143326298, 1,0381073817733921)(2,011143670887931, 1,0377831210273214)(2,0109268961055746, 1,037461008171488)(2,010712273824453, 1,037141032570301)(2,0104997879770403, 1,0368231836137203)(2,0102894225890293, 1,0365074507174683)(2,0100811617789693, 1,0361938233232388)
(2,009874989757906, 1,0358822908989014)(2,0096708908290166, 1,0355728429387019)(2,009468849387251, 1,03526546896346)(2,0092688499189655, 1,0349601585207615)(2,009070877001564, 1,0346569011851487)(2,0088749153031347, 1,034355686558305)(2,0086809495820854, 1,0340565042692376)(2,008488964686784, 1,0337593439744557)(2,008298945555195, 1,0334641953581452)(2,0081108772145164, 1,0331710481323397)
(2,0079247447808184, 1,032879892037089)(2,007740533458681, 1,032590716840622)(2,007558228540831, 1,0323035123395092)(2,0073778154077813, 1,0320182683588184)(2,007199279527468, 1,031734974752269)(2,0070226064548877, 1,0314536214023837)(2,0068477818317385, 1,0311741982206344)(2,006674791386056, 1,0308966951475866)(2,006503620931853, 1,0306211021530411)(2,006334256368758, 1,03034740923617)
(2,006166683681655, 1,030075606425652)(2,006000888940323, 1,0298056837798037)(2,005836858299073, 1,0295376313867073)(2,005674577996392, 1,0292714393643356)(2,0055140343545794, 1,0290070978606742)(2,0053552137793895, 1,0287445970538405)(2,005198102759672, 1,028483927152199)(2,005042687867012, 1,0282250783944755)(2,004888955755372, 1,0279680410498657)(2,004736893160734, 1,027712805418144)
(2,0045864869007417, 1,027459361829766)(2,004437723874341, 1,027207700645972)(2,0042905910614253, 1,026957812258884)(2,0041450755224774, 1,0267096870916024)(2,0040011643982134, 1,0264633155982987)(2,0038588449092263, 1,0262186882643067)(2,003718104355632, 1,0259757956062099)(2,0035789301167117, 1,025734628171926)(2,0034413096505603, 1,0254951765407903)(2,00330523049373, 1,0252574313236351)
(2,0031706802608773, 1,0250213831628674)(2,003037646644411, 1,024787022732543)(2,002906117414137, 1,0245543407384397)(2,0027760804169095, 1,0243233279181259)(2,0026475235762766, 1,0240939750410292)(2,002520434892131, 1,0238662729085002)(2,002394802440358, 1,023640212353876)(2,0022706143724878, 1,0234157842425389)(2,0021478589153436, 1,0231929794719758)(2,0020265243706956, 1,0229717889718328)
(2,0019065991149096, 1,022752203703968)(2,0017880715986025, 1,022534214662503)(2,0016709303462936, 1,022317812873871)(2,0015551639560587, 1,0221029893968638)(2,0014407610991842, 1,0218897353226755)(2,001327710519823, 1,0216780417749447)(2,0012160010346487, 1,0214678999097944)(2,001105621532513, 1,0212593009158697)(2,0009965609741025, 1,0210522360143737)(2,000888808391595, 1,0208466964591005)
(2,000782352888321, 1,0206426735364675)(2,000677183638418, 1,0204401585655445)(2,000573289886494, 1,020239142898081)(2,0004706609472875, 1,0200396179185327)(2,0003692862053266, 1,019841575044084)(2,000269155114593, 1,0196450057246698)(2,000170257198183, 1,019449901442996)(2,0000725820479723, 1,019256253714557)(1,9999761193242795, 1,0190640540876514)(1,9998808587555306, 1,0188732941433962)
(1,9997867901379247, 1,0186839654957398)(1,999693903335101, 1,018496059791472)(1,999602188277806, 1,0183095687102328)(1,9995116349635602, 1,0181244839645196)(1,9994222334563287, 1,0179407972996921)(1,9993339738861895, 1,0177585004939769)(1,999246846449004, 1,017577585358468)(1,9991608414060893, 1,0173980437371284)(1,9990759490838885, 1,0172198675067876)(1,9989921598736449, 1,0170430485771391)
(1,998909464231075, 1,016867578890736)(1,9988278526760437, 1,016693450422984)(1,9987473157922386, 1,0165206551821344)(1,9986678442268473, 1,0163491852092743)(1,9985894286902337, 1,0161790325783158)(1,9985120599556165, 1,0160101893959839)(1,9984357288587475, 1,0158426478018021)(1,9983604262975916, 1,0156763999680778)(1,9982861432320072, 1,0155114380998849)(1,9982128706834277, 1,015347754435046)
(1,9981405997345438, 1,0151853412441127)(1,9980693215289869, 1,0150241908303443)(1,9979990272710126, 1,0148642955296858)(1,9979297082251868, 1,0147056477107441)(1,99786135571607, 1,0145482397747627)(1,997793961127906, 1,0143920641555955)(1,9977275159043084, 1,014237113319679)(1,9976620115479493, 1,0140833797660038)(1,9975974396202494, 1,0139308560260836)(1,9975337917410683, 1,013779534663924)
(1,997471059588396, 1,01362940827599)(1,997409234898045, 1,013480469491172)(1,997348309463344, 1,0133327109707506)(1,9972882751348318, 1,0131861254083598)(1,9972291238199529, 1,0130407055299504)(1,9971708474827532, 1,0128964440937507)(1,9971134381435776, 1,012753333890227)(1,9970568878787676, 1,0126113677420427)(1,9970011888203605, 1,0124705385040162)(1,9969463331557895, 1,0123308390630779)
(1,9968923131275846, 1,012192262338226)(1,9968391210330745, 1,0120548012804818)(1,9967867492240894, 1,0119184488728423)(1,996735190106665, 1,0117831981302343)(1,9966844361407472, 1,0116490420994653)(1,996634479839898, 1,0115159738591744)(1,9965853137710023, 1,011383986519782)(1,996536930553976, 1,0112530732234393)(1,9964893228614737, 1,0111232271439747)(1,9964424834186, 1,0109944414868424)
(1,9963964050026193, 1,0108667094890669)(1,9963510804426674, 1,0107400244191893)(1,9963065026194649, 1,0106143795772107)(1,99626266446503, 1,010489768294536)(1,9962195589623948, 1,0103661839339158)(1,9961771791453191, 1,0102436198893885)(1,996135518098009, 1,0101220695862212)(1,9960945689548328, 1,010001526480849)(1,9960543249000415, 1,0098819840608146)(1,9960147791674874, 1,0097634358447067)
(1,995975925040345, 1,0096458753820972)(1,9959377558508338, 1,0095292962534779)(1,9959002649799393, 1,0094136920701973)(1,9958634458571385, 1,0092990564743949)(1,9958272919601237, 1,0091853831389366)(1,9957917968145287, 1,0090726657673479)(1,9957569539936557, 1,008960898093747)(1,9957227571182028, 1,008850073882778)(1,9956891998559934, 1,0087401869295411)(1,9956562759217056, 1,0086312310595258)
(1,9956239790766037, 1,0085232001285391)(1,9955923031282694, 1,0084160880226367)(1,9955612419303355, 1,0083098886580517)(1,9955307893822194, 1,0082045959811228)(1,9955009394288583, 1,0081002039682228)(1,9954716860604451, 1,0079967066256847)(1,9954430233121656, 1,0078940979897302)(1,9954149452639365, 1,0077923721263937)(1,9953874460401446, 1,0076915231314494)(1,9953605198093871, 1,0075915451303357)
(1,9953341607842119, 1,0074924322780792)(1,995308363220861, 1,0073941787592193)(1,9952831214190128, 1,0072967787877314)(1,9952584297215266, 1,007200226606949)(1,995234282514188, 1,0071045164894872)(1,9952106742254552, 1,0070096427371633)(1,9951875993262058, 1,006915599680919)(1,9951650523294857, 1,0068223816807407)(1,9951430277902582, 1,0067299831255807)(1,9951215203051547, 1,0066383984332763)
(1,9951005245122253, 1,0065476220504692)(1,9950800350906923, 1,0064576484525256)(1,995060046760703, 1,0063684721434538)(1,9950405542830838, 1,0062800876558229)(1,995021552459097, 1,00619248955068)(1,995003036130196, 1,0061056724174686)(1,9949850001777831, 1,0060196308739449)(1,9949674395229688, 1,0059343595660943)(1,994950349126331, 1,0058498531680482)(1,994933723987675, 1,0057661063819994)
(1,9949175591457957, 1,0056831139381177)(1,9949018496782407, 1,0056008705944655)(1,9948865907010727, 1,005519371136912)(1,9948717773686355, 1,0054386103790482)(1,9948574048733188, 1,005358583162101)(1,994843468445325, 1,0052792843548466)(1,9948299633524373, 1,0052007088535249)(1,9948168848997887, 1,0051228515817519)(1,9948042284296306, 1,0050457074904333)(1,9947919893211044, 1,0049692715576772)
(1,9947801629900133, 1,004893538788706)(1,9947687448885947, 1,004818504215769)(1,9947577305052944, 1,0047441628980542)(1,9947471153645409, 1,0046705099216002)(1,9947368950265214, 1,004597540399207)(1,994727065086959, 1,0045252494703474)(1,99471762117689, 1,0044536323010786)(1,9947085589624425, 1,0043826840839523)(1,9946998741446167, 1,0043124000379249)(1,9946915624590655, 1,0042427754082688)
(1,9946836196758766, 1,0041738054664815)(1,9946760415993545, 1,004105485510196)(1,9946688240678052, 1,004037810863091)(1,9946619629533202, 1,0039707768747992)(1,9946554541615629, 1,0039043789208177)(1,994649293631555, 1,0038386124024175)(1,994643477335464, 1,003773472746551)(1,9946380012783926, 1,0037089554057628)(1,9946328614981679, 1,0036450558580972)(1,994628054065132, 1,003581769607007)
(1,994623575081934, 1,0035190921812627)(1,994619420683323, 1,0034570191348597)(1,9946155870359403, 1,0033955460469277)(1,9946120703381158, 1,0033346685216382)(1,9946088668196624, 1,0032743821881125)(1,9946059727416727, 1,0032146827003297)(1,994603384396317, 1,0031555657370348)(1,9946010981066409, 1,003097027001646)(1,994599110226366, 1,0030390622221628)(1,9945974171396894, 1,002981667151073)
(1,9945960152610849, 1,0029248375652606)(1,9945949010351058, 1,0028685692659134)(1,9945940709361885, 1,0028128580784297)(1,9945935214684558, 1,0027576998523264)(1,994593249165523, 1,0027030904611454)(1,9945932505903035, 1,0026490258023615)(1,994593522334816, 1,0025955017972894)(1,9945940610199924, 1,0025425143909905)(1,9945948632954875, 1,0024900595521806)(1,9945959258394879, 1,0024381332731362)
(1,9945972453585235, 1,0023867315696022)(1,9945988185872792, 1,0023358504806987)(1,9946006422884075, 1,0022854860688282)(1,9946027132523423, 1,002235634419582)(1,9946050282971135, 1,002186291641648)(1,9946075842681625, 1,0021374538667172)(1,9946103780381585, 1,0020891172493909)(1,9946134065068162, 1,0020412779670878)(1,9946166666007137, 1,001993932219951)(1,9946201552731122, 1,001947076230755)
(1,9946238695037757, 1,0019007062448129)(1,994627806298792, 1,0018548185298837)(1,9946319626903957, 1,0018094093760788)(1,9946363357367893, 1,00176447509577)(1,9946409225219686, 1,0017200120234961)(1,994645720155546, 1,0016760165158711)(1,9946507257725778, 1,0016324849514902)(1,994655936533389, 1,001589413730838)(1,9946613496234011, 1,0015467992761966)(1,9946669622529616, 1,0015046380315515)
(1,9946727716571715, 1,0014629264625008)(1,994678775095716, 1,0014216610561617)(1,9946849698526958, 1,0013808383210787)(1,9946913532364587, 1,0013404547871314)(1,994697922579432, 1,0013005070054424)(1,994704675237956, 1,001260991548285)(1,9947116085921197, 1,001221905008992)(1,9947187200455945, 1,0011832440018629)(1,994726007025471, 1,0011450051620723)(1,994733466982097, 1,0011071851455788)
(1,994741097388914, 1,0010697806290336)(1,9947488957422965, 1,001032788309688)(1,9947568595613923, 1,0009962049053025)(1,9947649863879622, 1,0009600271540564)(1,994773273786222, 1,0009242518144557)(1,9947817193426842, 1,0008888756652423)(1,9947903206660014, 1,0008538955053032)(1,99479907538681, 1,0008193081535801)(1,994807981157575, 1,0007851104489784)(1,9948170356524362, 1,0007512992502765)
(1,9948262365670537, 1,0007178714360359)(1,994835581618456, 1,0006848239045107)(1,9948450685448873, 1,000652153573558)(1,9948546951056574, 1,000619857380547)(1,9948644590809905, 1,0005879322822697)(1,9948743582718766, 1,000556375254852)(1,9948843904999227, 1,000525183293663)(1,9948945536072047, 1,000494353413226)(1,9949048454561205, 1,0004638826471297)(1,9949152639292445, 1,000433768047939)
(1,9949258069291818, 1,0004040066871058)(1,9949364723784233, 1,0003745956548806)
Y vector values:
(2, 0)(2, -0,020000000000000018)(1,99995, -0,03974999999999973)(1,9998506249999999, -0,05925212499999999)(1,9997024946875, -0,07850848593749982)(1,9995062234726562, -0,097521179757031)(1,9992624205232636, -0,1162922894795213)(1,9989716897995649, -0,13482388427149283)
(1,9986346300888862, -0,15311801951409043)(1,998251835040101, -0,17117673687194213)(1,9978238931979213, -0,18900206436184508)(1,9973513880370166, -0,20659601642128012)(1,9968348979959634, -0,22396059397675439)(1,9962749965110216, -0,24109778451196462)(1,9956722520497416, -0,2580095621357854)(1,9950272281444021, -0,27469788765008296)(1,994340483425277, -0,29116470861734456)(1,9936125716537336, -0,3074119594281335)
(1,9928440417551634, -0,32344156136835656)(1,9920354378517424, -0,33925542268635533)(1,9911872992950266, -0,35485543865981084)(1,990300160698377, -0,37024349166246395)(1,9893745519692208, -0,3854214512306502)(1,9884109983411442, -0,40039117412965197)(1,98741002040582, -0,41515450441985413)(1,9863721341447704, -0,42971327352272226)(1,9852978509609636, -0,4440693002865834)(1,9841876777102472, -0,45822439105222035)
(1,9830421167326167, -0,4721803397182729)(1,981861665883321, -0,48593892780644676)(1,9806468185638049, -0,49950192452653264)(1,9793980637524886, -0,5128710868412272)(1,9781158860353856, -0,5260481595307613)(1,9768007656365587, -0,5390348752573351)(1,9754531784484153, -0,551832954629349)(1,9740735960618419, -0,5644441062654506)(1,9726624857961783, -0,5768700268583693)(1,9712203107290325, -0,5891124012385633)
(1,9697475297259361, -0,601172902437662)(1,968244597469842, -0,6130531917517099)(1,9667119644904627, -0,6247549188042107)(1,9651500771934522, -0,6362797216089673)(1,9635593778894298, -0,6476292266327244)(1,961940304822848, -0,6588050488576038)(1,9602932922007041, -0,6698087918433409)(1,9586187702210958, -0,6806420477893131)(1,9569171651016224, -0,6913063975963682)(1,9551888991076314, -0,7018034109284463)
(1,9534343905803102, -0,7121346462739933)(1,9516540539646252, -0,7223016510071747)(1,9498482998371072, -0,7323059614488772)(1,948017534933485, -0,7421491029275087)(1,9461621621761662, -0,7518325898395846)(1,9442825807015673, -0,7613579257101128)(1,942379185887292, -0,770726603252768)(1,9404523693791602, -0,779940104429854)(1,9385025191180856, -0,7889999005120645)(1,9365300193668054, -0,7979074521380252)
(1,9345352507364604, -0,8066642093736358)(1,9325185902130262, -0,8152716117711947)(1,9304804111835983, -0,8237310884283153)(1,9284210834625275, -0,8320440580466331)(1,9263409733174108, -0,8402119289903007)(1,9242404434949352, -0,8482360993442706)(1,9221198532465744, -0,8561179569723656)(1,9199795583541435, -0,8638588795751425)(1,9178199111552057, -0,871460234747536)(1,9156412605683368, -0,8789233800362961)
(1,913443952118246, -0,886249662997209)(1,911228327960753, -0,8934404212521088)(1,9089947269076226, -0,9004969825456723)(1,9067434844512585, -0,9074206648020038)(1,9044749327892536, -0,9142127761810039)(1,9021894008488012, -0,9208746151345268)(1,8998872143109649, -0,9274074704623212)(1,897568695634809, -0,9338126213677613)(1,8952341640813897, -0,9400913375133606)(1,8928839357376062, -0,9462448790760716)
(1,890518323539916, -0,9522744968023726)(1,88813763729791, -0,958181432063141)(1,8857421837177522, -0,9639669169083103)(1,8833322664254815, -0,969632174121311)(1,8809081859901782, -0,9751784172733045)(1,8784702399469948, -0,9806068507771917)(1,8760187228200518, -0,9859186699414169)(1,8735539261451983, -0,99111506102355)(1,8710761384926395, -0,9961972012836595)(1,8685856454894303, -1,0011662590374666)
(1,8660827298418365, -1,0060233937092868)(1,8635676713575633, -1,0107697558847573)(1,8610407469678514, -1,0154064873633493)(1,858502230749443, -1,0199347212106646)(1,8559523939464164, -1,02435558181052)(1,85339150499189, -1,028670184916817)(1,8508198295295981, -1,0328796377051948)(1,8482376304353352, -1,0369850388244717)(1,845645167838274, -1,0409874784478723)(1,8430426991421542, -1,0448880383240393)
(1,8404304790463442, -1,048687791827832)(1,8378087595667745, -1,0523878040109107)(1,8351777900567472, -1,05598913165211)(1,832537817227617, -1,0594928233075933)(1,8298890851693481, -1,0628999193608006)(1,827231835370946, -1,066211452072178)(1,8245663067407656, -1,0694284456286942)(1,8218927356266938, -1,0725519161931514)(1,819211355836211, -1,0755828719532707)(1,816522398656328, -1,0785223131705788)
(1,8138260928734016, -1,0813712322290732)(1,811122664792829, -1,0841306136836781)(1,8084123382586197, -1,0868014343084882)(1,8056953346728484, -1,0893846631448048)(1,8029718730149864, -1,0918812615489513)(1,800242169861114, -1,0942921832398893)(1,7975064394030142, -1,0966183743466127)(1,7947648934671476, -1,0988607734553404)(1,7920177415335092, -1,1010203116564918)(1,789265190754368, -1,1030979125914557)
(1,7865074459728894, -1,1050944924991497)(1,7837447097416415, -1,1070109602623681)(1,7809771823409855, -1,1088482174539216)(1,7782050617973506, -1,110607158382567)(1,7754285439013942, -1,1122886701387316)(1,7726478222260473, -1,1138936326400257)(1,7698630881444473, -1,115422918676546)(1,7670745308477558, -1,1168773939559782)(1,7642823373628658, -1,1182579171484832)(1,7614866925699946, -1,119565339931385)
(1,758687779220166, -1,1208005070336422)(1,755885777952582, -1,1219642562801253)(1,7530808673118818, -1,1230574186356752)(1,7502732237652927, -1,124080818248967)(1,7474630217196703, -1,1250352724961608)(1,7446504335384299, -1,1259215920243522)(1,741835629558369, -1,1267405807948165)(1,739018778106382, -1,1274930361260482)(1,7362000455160669, -1,1281797487366005)(1,7333795961442253, -1,1288015027877143)
(1,730557592387256, -1,1293590759257524)(1,7277341946974416, -1,1298532393244258)(1,7249095615991306, -1,1302847577268191)(1,7220838497048134, -1,1306543894872165)(1,7192572137310953, -1,1309628866127226)(1,7164298065145636, -1,1312109948046856)(1,713601779027552, -1,1313994534999186)(1,710773280393802, -1,1315289959117205)(1,7079444579040228, -1,1316003490707)(1,705115457031346, -1,1316142338653963)
(1,7022864214466826, -1,131571365082706)(1,6994574930339759, -1,131472451448106)(1,6966288119053556, -1,131318195665684)(1,6938005164161913, -1,1311092944579704)(1,6909727431800463, -1,1308464386055692)(1,6881456270835324, -1,1305303129866004)(1,6853193013010659, -1,130161596615939)(1,682493897309526, -1,1297409626842612)(1,6796695449028154, -1,1292690785968982)(1,6768463722063232, -1,128746606012493)
(1,674024505691292, -1,128174200881464)(1,6712040701890882, -1,1275525134842712)(1,6683851889053776, -1,1268821884694997)(1,6655679834342039, -1,1261638648917383)(1,6627525737719746, -1,1253981762492757)(1,6599390783313515, -1,1245857505215993)(1,6571276139550475, -1,1237272102067064)(1,6543182959295306, -1,1228231723582232)(1,651511237998635, -1,121874248622336)(1,6487065523770792, -1,1208810452745297)
(1,6459043497638928, -1,1198441632561398)(1,6431047393557525, -1,118764198210716)(1,6403078288602257, -1,117641740520197)(1,6375137245089253, -1,116477375340899)(1,634722531070573, -1,1152716826393165)(1,6319343518639748, -1,1140252372277364)(1,6291492887709056, -1,1127386087996696)(1,6263674422489065, -1,1114123619650917)(1,6235889113439939, -1,1100470562855063)(1,62081379370328, -1,1086432463088172)
(1,618042185587508, -1,1072014816040223)(1,615274181883498, -1,1057223067957223)(1,6125098761165086, -1,104206261598446)(1,6097493604625126, -1,102653880850796)(1,6069927257603855, -1,101065694549411)(1,604240061524012, -1,0994422278827511)(1,6014914559543052, -1,097784001264697)(1,5987469959511436, -1,0960915303679748)(1,5960067671252236, -1,0943653261573978)(1,5932708538098301, -1,0926058949229347)
(1,5905393390725229, -1,0908137383125949)(1,5878123047267414, -1,0889893533651378)(1,5850898313433286, -1,0871332325426084)(1,5823719982619722, -1,0852458637626925)(1,5796588836025653, -1,0833277304308981)(1,576950564276488, -1,0813793114725634)(1,5742471159978066, -1,079401081364686)(1,571548613294395, -1,0773935101675836)(1,568855129518976, -1,0753570635563765)(1,5661667368600851, -1,0732922028523015)
(1,5634835063529544, -1,0711993850538493)(1,5608055078903198, -1,0690790628677354)(1,5581328102331504, -1,0669316847396955)(1,555465481021301, -1,0647576948851123)(1,5528035867840884, -1,0625575333194743)(1,5501471929507897, -1,0603316358886627)(1,5474963638610681, -1,0580804342990704)(1,5448511627753205, -1,0558043561475534)(1,5422116518849516, -1,0535038249512154)(1,5395778923225736, -1,0511792601770242)
(1,536949944172131, -1,048831077271263)(1,5343278664789528, -1,0464596876888148)(1,5317117172597308, -1,0440654989222837)(1,529101553512425, -1,04164891453095)(1,5264974312260977, -1,039210334169561)(1,5238994053906738, -1,0367501536169637)(1,5213075300066314, -1,0342687648045654)(1,51872185809462, -1,0317665558446407)(1,5161424417050084, -1,029243911058475)(1,5135693319273622, -1,0267012110043443)
(1,5110025788998513, -1,0241388325053373)(1,508442231818588, -1,0215571486770179)(1,5058883389468953, -1,0189565289549263)(1,503340947624508, -1,016337339121928)(1,5008001042767032, -1,013699941335394)(1,4982658544233647, -1,0110446941542355)(1,495738242687979, -1,008371952565775)(1,4932173128065647, -1,0056820680124625)(1,4907031076365336, -1,002975388418438)(1,4881956691654874, -1,000252258215938)
(1,4856950385199477, -0,9975130183715488)(1,4832012559740189, -0,9947580064123036)(1,480714360957988, -0,9919875564516296)(1,478234392066859, -0,9892019992151444)(1,475761387068821, -0,9864016620662923)(1,4732953829136555, -0,9835868690318401)(1,4708364157410758, -0,9807579408272149)(1,4683845208890078, -0,977915194881696)(1,4659397329018036, -0,9750589453634548)(1,463502085538395, -0,9721895032044481)
(1,4610716117803837, -0,9693071761251604)(1,4586483438400708, -0,9664122686592034)(1,4562323131684227, -0,9635050821777646)(1,4538235504629784, -0,9605859149139109)(1,4514220856756936, -0,9576550619867468)(1,4490279480207269, -0,9547128154254265)(1,4466411659821634, -0,9517594641930236)(1,4442617673216809, -0,948795294210254)(1,4418897790861553, -0,9458205883790596)(1,4395252276152077, -0,942835626606044)
(1,4371681385486925, -0,9398406858257728)(1,4348185368341282, -0,9368360400239246)(1,4324764467340685, -0,9338219602603082)(1,4301418918334177, -0,9307987146917354)(1,4278148950466882, -0,9277665685947571)(1,4254954786252014, -0,9247257843882566)(1,4231836641642308, -0,9216766216559074)(1,420879472610091, -0,9186193371684932)(1,41858292426717, -0,9155541849060889)(1,4162940388049048, -0,912481416080106)
(1,4140128352647046, -0,9094012791552029)(1,4117393320668166, -0,9063140198710569)(1,409473547017139, -0,9032198812640049)(1,407215497313979, -0,9001191036885476)(1,4049651995547576, -0,8970119248387203)(1,402722669742661, -0,8938985797693317)(1,4004879232932377, -0,8907793009170684)(1,398260975040945, -0,88765431812147)(1,3960418392456413, -0,8845238586457702)(1,3938305295990268, -0,8813881471976108)
(1,3916270592310327, -0,8782474059496215)(1,3894314407161585, -0,8751018545598717)(1,3872436860797588, -0,8719517101921963)(1,3850638068042782, -0,8687971875363889)(1,3828918138354371, -0,8656384988282695)(1,3807277175883665, -0,8624758538696247)(1,3785715279536925, -0,859309460048022)(1,3764232543035724, -0,8561395223564956)(1,374282905497681, -0,8529662434131104)(1,3721504898891483, -0,8497898234804002)
(1,3700260153304473, -0,846610460484678)(1,3679094891792356, -0,8434283500352286)(1,3658009183041475, -0,8402436854433732)(1,363700309090539, -0,8370566577414138)(1,3616076674461854, -0,8338674557014567)(1,3595229988069317, -0,830676265854112)(1,3574463081422965, -0,8274832725070742)(1,355377599961029, -0,8242886577635815)(1,35331687831662, -0,8210926015407578)(1,3512641468127682, -0,8178952815878304)
(1,3492194086087985, -0,8146968735042379)(1,347182666425038, -0,8114975507576112)(1,345153922548144, -0,8082974847016415)(1,3431331788363898, -0,8050968445938338)(1,3411204367249052, -0,8018957976131391)(1,3391156972308724, -0,7986945088774728)(1,3371189609586787, -0,7954931414611215)(1,335130228105026, -0,7922918564120316)(1,3331494984639958, -0,7890908127689817)(1,3311767714320732, -0,7858901675786489)
(1,3292120460131267, -0,7826900759125577)(1,3272553208233453, -0,7794906908839132)(1,3253065940961355, -0,7762921636643312)(1,3233658636869747, -0,7730946435004498)(1,3214331270782236, -0,7698982777304337)(1,3195083813838975, -0,7667032118003676)(1,3175916233543965, -0,7635095892805408)(1,3156828493811952, -0,7603175518816219)(1,3137820555014912, -0,7571272394707256)(1,3118892374028144, -0,7539387900873713)
(1,310004390427596, -0,7507523399593357)(1,3081275095776976, -0,7475680235183959)(1,3062585895189016, -0,7443859734159699)(1,3043976245853617, -0,7412063205386481)(1,3025446087840151, -0,7380291940236225)(1,3006995357989561, -0,734854721274008)(1,298862398995771, -0,7316830279740616)(1,297033191425836, -0,7285142381043013)(1,295211905830575, -0,7253484739565144)(1,2933985346456838, -0,7221858561486689)
(1,2915930700053122, -0,7190265036397245)(1,289795503746213, -0,7158705337443343)(1,2880058274118522, -0,7127180621474545)(1,2862240322564835, -0,7095692029188481)(1,2844501092491865, -0,7064240685274923)(1,2826840490778677, -0,7032827698558828)(1,280925842153228, -0,7001454162142413)(1,2791754786126923, -0,697012115354628)(1,2774329483243057, -0,693882973484949)(1,2756982408905932, -0,6907580952828729)
(1,273971345652386, -0,6876375839096491)(1,2722522516926118, -0,6845215410238259)(1,2705409478400522, -0,6814100667948804)(1,268837422673065, -0,6783032599167456)(1,2671416645232731, -0,6752012176212476)(1,26545366147922, -0,6721040356914472)(1,2637734013899913, -0,6690118084748882)(1,262100871868804, -0,665924628896752)(1,260436060296562, -0,6628425884729188)(1,2587789538253797, -0,6597657773229386)
(1,2571295393820725, -0,6566942841829091)(1,2554878036716153, -0,6536281964182642)(1,2538537331805697, -0,6505676000364682)(1,2522273141804785, -0,6475125796996242)(1,2506085327312295, -0,6444632187369885)(1,248997374684387, -0,6414195991574005)(1,2473938256864934, -0,6383818016616205)(1,2457978711823394, -0,6353499056545804)(1,2442094964182029, -0,6323239892575447)(1,242628686445059, -0,6293041293201895)
(1,2410554261217586, -0,6262904014325885)(1,239489700118177, -0,6232828799371162)(1,2379314929183343, -0,6202816379402658)(1,2363807888234837, -0,6172867473243793)(1,2348375719551727, -0,6142982787592941)(1,2333018262582744, -0,6113163017139063)(1,2317735355039896, -0,6083408844676477)(1,2302526832928204, -0,6053720941218819)(1,2287392530575156, -0,6024099966112146)(1,2272332280659877, -0,599454656714725)
(1,2257345914242008, -0,5965061380671104)(1,224243326079033, -0,5935645031697558)(1,2227594148211087, -0,5906298134017147)(1,2212828402876044, -0,5877021290306153)(1,2198135849650278, -0,5847815092234847)(1,218351631191969, -0,581868012057492)(1,2168969611618254, -0,5789616945306126)(1,2154495569254988, -0,5760626125722164)(1,2140094003940682, -0,5731708210535738)(1,2125764733414344, -0,5702863737982851)
(1,2111507574069387, -0,5674093235926354)(1,209732234097957, -0,5645397221958661)(1,2083208847924674, -0,5616776203503768)(1,2069166907415914, -0,5588230677918462)(1,2055196330721119, -0,5559761132592804)(1,2041296927889638, -0,5531368045049816)(1,2027468507777013, -0,5503051883044483)(1,2013710878069401, -0,5474813104661971)(1,2000023845307746, -0,5446652158415084)(1,1986407214911707, -0,5418569483341047)
(1,1972860791203355, -0,539056550909752)(1,195938437743061, -0,5362640656057867)(1,1945977775790466, -0,5334795335405755)(1,1932640787451951, -0,5307029949228994)(1,1919373212578879, -0,5279344890612672)(1,1906174850352347, -0,5251740543731591)(1,1893045498993018, -0,5224217283941992)(1,1879984955783163, -0,5196775477872579)(1,186699301708848, -0,5169415483514834)(1,1854069478379694, -0,5142137650312666)
(1,1841214134253912, -0,511494231925135)(1,1828426778455785, -0,5087829822945791)(1,181570720389842, -0,5060800485728079)(1,18030552026841, -0,5033854623734451)(1,1790470566124764, -0,5006992544991449)(1,1777953084762285, -0,49802145495015493)(1,1765502548388531, -0,49535209293280236)(1,1753118746065212, -0,49269119686791996)(1,1740801466143513, -0,49003879439920084)(1,1728550496283534, -0,48739491240149846)
(1,1716365623473497, -0,4847595769890467)(1,1704246634048772, -0,4821328135236307)(1,1692193313710681, -0,47951464662268295)(1,1680205447545113, -0,4769051001673206)(1,166828282004093, -0,47430419731031925)(1,165642521510817, -0,4717119604840221)(1,164463241609607, -0,46912841140818795)(1,1632904205810866, -0,4665535710977782)(1,162124036653342, -0,46398745987067747)(1,1609640680036655, -0,4614300973553611)
(1,159810492760277, -0,45888150249849247)(1,1586632890040307, -0,45634169357246623)(1,1575224347700996, -0,4538106881828914)(1,1563879080496424, -0,45128850327600745)(1,1552596867914524, -0,44877515514605015)(1,1541377489035873, -0,4462706594425532)(1,1530220722549809, -0,4437750311775934)(1,151912634677037, -0,4412882847329729)(1,1508094139652045, -0,4388104338673515)(1,1497123878805362, -0,4363414917233137)
(1,1486215341512278, -0,433881470834383)(1,1475368304741418, -0,43143038313197746)(1,1464582545163118, -0,42898823995231083)(1,145385783916431, -0,4265550520432333)(1,144319396286323, -0,42413082957102155)(1,1432590692123954, -0,4217155821271099)(1,1422047802570776, -0,41930931873476895)(1,1411565069602407, -0,416912047855726)(1,1401142268406015, -0,4145237773967345)(1,1390779173971097, -0,41214451471608715)
(1,1380475561103196, -0,40977426663007854)(1,1370231204437444, -0,40741303941940865)(1,1360045878451959, -0,4050608388355408)(1,134991935748107, -0,40271767010700055)(1,1339851415728395, -0,4003835379456251)(1,1329841827279754, -0,3980584465527617)(1,1319890366115934, -0,39574239962541125)(1,13099968061253, -0,3934354003623257)(1,1300160921116242, -0,39113745147004764)(1,129038248482949, -0,38884855516890404)
(1,1280661270950267, -0,3865687131989519)(1,1270997053120293, -0,3842979268258655)(1,1261389604949645, -0,3820361968467827)(1,1251838700028476, -0,3797835235960969)(1,1242344111938574, -0,37753990695120265)(1,1232905614264794, -0,3753053463381901)(1,122352298060634, -0,3730798407374927)(1,1214195984587902, -0,37086338868948676)(1,1204924399870666, -0,368655988300044)(1,1195708000163165, -0,36645763724603464)
(1,1186546559232013, -0,3642683327807852)(1,1177439850912494, -0,36208807173948987)(1,1168387649119007, -0,3599168505445709)(1,1159389727855393, -0,35775466521100174)(1,1150445861225118, -0,35560151135157536)(1,114155582344133, -0,3534573841821307)(1,1132719388836776, -0,3513222785267365)(1,1123936331873607, -0,3491961888228259)(1,1115206427153037, -0,34707910912628837)(1,110652944942488, -0,3449710331165159)
(1,1097905173596967, -0,34287195410140914)(1,1089333374744432, -0,3407818650223353)(1,1080813828118874, -0,3387007584590451)(1,1072346309157397, -0,3366286266345444)(1,1063930593491533, -0,3345654614199276)(1,1055566456956034, -0,3325112543391615)(1,1047253675597555, -0,3304659965738339)(1,103899202568321, -0,328429678967856)(1,1030781283709012, -0,32640229203212456)(1,102262122640821, -0,3243838259491407)
(1,101451163075948, -0,32237427057759316)(1,100645227399504, -0,3203736154568917)(1,0998442933608619, -0,3183818498116713)(1,0990483387363328, -0,3163989625562422)(1,0982573413299421, -0,31442494229901596)(1,0974712789741945, -0,31245977734687713)(1,0966901295308273, -0,310503455709525)(1,0959138708915535, -0,30855596510377215)(1,095142480978794, -0,30661729295780615)(1,0943759377463995, -0,3046874264154096)
(1,093614219180361, -0,3027663523401447)(1,0928573032995108, -0,30085405731950043)(1,092105168156212, -0,298950527668997)(1,0913577918370394, -0,29705574943625823)(1,0906151524634489, -0,2951697084050462)(1,0898772281924363, -0,2932923900992521)(1,0891439972171881, -0,29142377978685996)(1,0884154377677209, -0,2895638624838681)(1,0876915281115112, -0,2877126229581739)(1,0869722465541156, -0,2858700457334269)
(1,086257571439782, -0,28403611509284143)(1,0855474811520498, -0,2822108150829763)(1,0848419541143424, -0,28039412951748055)(1,0841409687905488, -0,27858604198079906)(1,0834445036855969, -0,27678653583185)(1,0827525373460172, -0,2749955942076636)(1,082065048360498, -0,273213200026988)(1,0813820153604305, -0,2714393359938607)(1,080703417020446, -0,269673984601146)(1,080029232058943, -0,2679171281340409)
(1,0793594392386079, -0,266168748673544)(1,078694017366924, -0,26442882809989676)(1,0780329452966741, -0,26269734809598644)(1,0773762019264341, -0,26097429015071993)(1,0767237662010574, -0,25925963556236464)(1,0760756171121515, -0,25755336544185603)(1,0754317336985468, -0,25585546071607634)(1,0747920950467567, -0,254165902131096)(1,0741566802914289, -0,25248467025539245)(1,0735254686157905, -0,25081174548302876)
(1,0728984392520828, -0,24914710803680684)(1,072275571481991, -0,247490737971388)(1,0716568446370625, -0,24584261517638595)(1,0710422380991216, -0,24420271937942228)(1,070431731300673, -0,24257103014916215)(1,0698253037253, -0,240947526898311)(1,0692229349080542, -0,2393321888865878)(1,0686246044358376, -0,2377249952236662)(1,0680302919477784, -0,23612592487208728)(1,0674399771355982, -0,2345349566501418)
(1,066853639743973, -0,23295206923472733)(1,066271259570886, -0,23137724116417235)(1,0656928164679758, -0,2298104508410379)(1,0651182903408731, -0,22825167653488432)(1,064547661149536, -0,22670089638501612)(1,0639809089085734, -0,22515808840319407)(1,0634180136875655, -0,22362323047632593)(1,0628589556113748, -0,22209630036912298)(1,062303714860452, -0,22057727572673613)(1,0617522716711352, -0,21906613407736142)
(1,0612046063359417, -0,21756285283481702)(1,0606606992038548, -0,21606740930110035)(1,060120530680602, -0,21457978066891403)(1,0595840812289299, -0,21309994402416477)(1,0590513313688694, -0,21162787634844094)(1,0585222616779983, -0,21016355452146307)(1,0579968527916948, -0,20870695532350503)(1,057475085403386, -0,20725805543779519)(1,0569569402647916, -0,2058168314528901)(1,0564423981861593, -0,2043832598650246)
(1,0559314400364967, -0,2029573170804353)(1,0554240467437956, -0,20153897941766008)(1,0549201992952515, -0,20012822310981493)(1,054419878737477, -0,19872502430684724)(1,0539230661767098, -0,19732935907776117)(1,0534297427790154, -0,19594120341282295)(1,0529398897704834, -0,19456053322574318)(1,052453488437419, -0,19318732435583108)(1,0519705201265295, -0,1918215525701319)(1,0514909662451042, -0,19046319356553543)
(1,0510148082611903, -0,1891122229708686)(1,0505420277037631, -0,18776861634895647)(1,0500726061628907, -0,1864323491986699)(1,049606525289894, -0,18510339695694444)(1,0491437667975017, -0,18378173500078)(1,0486843124599996, -0,1824673386492206)(1,0482281441133765, -0,18116018316530536)(1,0477752436554633, -0,17986024375800636)(1,0473255930460683, -0,17856749558414053)(1,046879174307108, -0,17728191375026014)
(1,0464359695227323, -0,17600347331452415)(1,045995960839446, -0,1747321492885474)(1,0455591304662246, -0,173467916639229)(1,0451254606746265, -0,17221075029056365)(1,0446949337989002, -0,17096062512542431)(1,0442675322360866, -0,1697175159873341)(1,0438432384461183, -0,16848139768221415)(1,0434220349519128, -0,16725224498010904)(1,0430039043394626, -0,16603003261689597)(1,0425888292579204, -0,16481473529597412)
(1,0421767924196805, -0,16360632768993266)(1,0417677766004556, -0,1624047844422023)(1,04136176463935, -0,16121008016868377)(1,0409587394389284, -0,16002218945936253)(1,04055868396528, -0,15884108687989906)(1,0401615812480802, -0,15766674697320582)(1,0397674143806472, -0,15649914426100242)(1,0393761665199948, -0,1553382532453531)(1,0389878208868815, -0,15418404841018596)(1,038602360765856, -0,15303650422279613)
(1,038219769505299, -0,15189559513532824)(1,0378400305174607, -0,15076129558624274)(1,037463127278495, -0,14963358000176408)(1,0370890433284907, -0,14851242279731203)(1,0367177622714974, -0,14739779837891565)(1,0363492677755501, -0,14628968114460905)(1,0359835435726885, -0,14518804548581254)(1,035620573458974, -0,14409286578869374)(1,0352603412945023, -0,14300411643551403)(1,0349028310034134, -0,14192177180596044)
(1,0345480265738984, -0,1408458062784539)(1,0341959120582023, -0,13977619423145082)(1,0338464715726237, -0,1387129100447222)(1,033499689297512, -0,13765592810061555)(1,0331555494772604, -0,13660522278530784)(1,0328140364202971, -0,13556076849003684)(1,0324751344990721, -0,13452253961231753)(1,0321388281500414, -0,13349051055714511)(1,0318051018736485, -0,13246465573818167)(1,031473940234303, -0,13144494957892716)
(1,0311453278603557, -0,13043136651387677)(1,030819249444071, -0,1294238809896604)(1,0304956897415969, -0,12842246746617114)(1,0301746335729314, -0,1274271004176759)(1,0298560658218872, -0,12643775433391324)(1,0295399714360525, -0,1254544037211769)(1,0292263354267495, -0,12447702310338338)(1,028915142868991, -0,12350558702312586)(1,0286063789014332, -0,12254007004271683)(1,0283000287263264, -0,12158044674521129)
(1,0279960776094634, -0,12062669173542284)(1,027694510880125, -0,11967877964091933)(1,0273953139310228, -0,1187366851130105)(1,0270984722182404, -0,11780038282771832)(1,026803971261171, -0,11686984748673623)(1,0265117966424542, -0,1159450538183755)(1,0262219340079082, -0,11502597657849511)(1,025934369066462, -0,11411259055142242)(1,0256490875900834, -0,1132048705508586)(1,0253660754137064, -0,11230279142077482)
(1,0250853184351545, -0,11140632803628936)(1,0248068026150638, -0,11051545530453843)(1,0245305139768024, -0,10963014816553329)(1,0242564386063886, -0,10875038159299999)(1,023984562652406, -0,10787613059521517)(1,023714872325918, -0,10700737021582318)(1,0234473539003783, -0,10614407553464389)(1,0231819937115416, -0,10528622166846802)(1,0229187781573705, -0,1044337837718432)(1,022657693697941, -0,10358673703784227)
(1,0223987268553465, -0,10274505669882839)(1,0221418642135993, -0,10190871802719981)(1,0218870924185313, -0,10107769633613195)(1,021634398177691, -0,10025196698030081)(1,0213837682602402, -0,09943150535660106)(1,0211351894968488, -0,09861628690484814)(1,0208886487795867, -0,09780628710847461)(1,0206441330618155, -0,09700148149521048)(1,0204016293580773, -0,09620184563775602)(1,020161124743983, -0,0954073551544461)
(1,0199226063560969, -0,09461798570989499)(1,0196860613918222, -0,09383371301564303)(1,019451477109283, -0,09305451283078447)(1,019218840827206, -0,09228036096258485)(1,0189881399247995, -0,09151123326709687)(1,0187593618416317, -0,09074710564975419)(1,0185324940775073, -0,08998795406596471)(1,0183075241923425, -0,08923375452169058)(1,0180844398060382, -0,08848448307401657)(1,017863228598353, -0,08774011583171148)
(1,0176438783087738, -0,08700062895578231)(1,0174263767363843, -0,08626599866001072)(1,0172107117397342, -0,08553620121148775)(1,0169968712367055, -0,08481121293113913)(1,0167848432043776, -0,08409101019423382)(1,016574615678892, -0,08337556943089375)(1,0163661767553147, -0,0826648671265855)(1,0161595145874982, -0,08195887982260963)(1,0159546173879417, -0,0812575841165768)(1,0157514734276503, -0,08056095666287844)
(1,015550071035993, -0,07986897417314553)(1,01535039860056, -0,07918161341670071)(1,0151524445670184, -0,07849885122100364)(1,0149561974389658, -0,07782066447208091)(1,0147616457777857, -0,07714703011495949)(1,0145687782024984, -0,07647792515407836)(1,0143775833896131, -0,07581332665370244)(1,014188050072979, -0,07515321173832312)(1,0140001670436332, -0,07449755759305399)(1,0138139231496506, -0,07384634146401359)
(1,0136293072959905, -0,07319954065870649)(1,0134463084443437, -0,07255713254639229)(1,0132649156129776, -0,07191909455844936)(1,0130851178765814, -0,07128540418872831)(1,0129069043661096, -0,0706560389939006)(1,012730264268625, -0,07003097659379875)(1,0125551868271403, -0,06941019467174891)(1,0123816613404608, -0,06879367097489464)(1,0122096771630236, -0,06818138331451795)(1,0120392237047373, -0,0675733095663471)
(1,0118702904308214, -0,06696942767086256)(1,0117028668616443, -0,06636971563359317)(1,0115369425725604, -0,06577415152540578)(1,011372507193747, -0,06518271348278937)(1,01120955041004, -0,06459537970812956)(1,0110480619607698, -0,06401212846997906)(1,010888031639595, -0,06343293810332007)(1,0107294492943366, -0,06285778700982014)(1,010572304826812, -0,06228665365808439)(1,0104165881926668, -0,06171951658389441)
(1,010262289401207, -0,061156354390448975)(1,010109398515231, -0,06059714574859232)(1,0099579056508594, -0,060041869397039704)(1,0098078009773668, -0,059490504142593714)(1,0096590747170102, -0,05894302886035874)(1,0095117171448593, -0,058399422493944364)(1,0093657185886244, -0,057859664055667004)(1,0092210694284853, -0,05732373262674395)(1,0090777600969185, -0,05679160735747946)(1,0089357810785249, -0,056263267467449474)
(1,0087951229098562, -0,055738692245676624)(1,008655776179242, -0,05521786105080295)(1,0085177315266152, -0,0547007533112529)(1,008380979643337, -0,054187348525394974)(1,0082455112720234, -0,053677626261694034)(1,0081113172063692, -0,053171566158863204)(1,007978388290972, -0,052669147926004634)(1,007846715421157, -0,052170351342748944)(1,0077162895428002, -0,05167515625938801)(1,0075871016521518, -0,051183542597001974)
(1,0074591427956594, -0,05069549034758225)(1,0073324040697904, -0,05021097957415055)(1,007206876620855, -0,04972999041086945)(1,0070825516448279, -0,04925250306315032)(1,00695942038717, -0,04877849780775767)(1,0068374741426505, -0,048307954992903746)(1,0067167042551681, -0,047840855038345786)(1,0065971021175724, -0,04737717843546996)(1,0064786591714836, -0,046916905747377946)(1,0063613669071152, -0,04646001760896512)
(1,0062452168630929, -0,046006494726995584)(1,0061302006262753, -0,04555631788016967)(1,0060163098315749, -0,045109467919193236)(1,005903536161777, -0,044665925766834924)(1,00579187134736, -0,04422567241798481)(1,0056813071663149, -0,04378868893970722)(1,0055718354439656, -0,043354956471286954)(1,0054634480527873, -0,04292445622427543)(1,0053561369122266, -0,042497169482527575)(1,0052498939885202, -0,04207307760224044)
(1,0051447112945147, -0,04165216201198296)(1,0050405808894847, -0,04123440421272351)(1,004937494878953, -0,04081978577785428)(1,0048354454145083, -0,040408288353209976)(1,0047344246936254, -0,03999989365708512)(1,0046344249594827, -0,03959458348024425)(1,004535438500782, -0,03919233968593083)(1,0044374576515673, -0,038793144209872565)(1,0043404747910427, -0,0383969790602805)(1,004244482343392, -0,03800382631784771)
(1,0041494727775975, -0,03761366813574263)(1,0040554386072582, -0,03722648673959794)(1,0039623723904092, -0,03684226442749816)(1,0038702667293404, -0,0364609835699623)(1,0037791142704156, -0,036082626609924784)(1,0036889077038906, -0,03570717606270879)(1,003599639763734, -0,03533461451600317)(1,0035113032274439, -0,034964924629827365)(1,0034238909158693, -0,03459808913650342)(1,003337395693028, -0,034234090840614684)
(1,0032518104659265, -0,03387291261896763)(1,003167128184379, -0,03351453742054922)(1,0030833418408276, -0,033158948266479804)(1,0030004444701615, -0,032806128249965205)(1,0029184291495365, -0,032456060536243836)(1,002837288998196, -0,03210872836253165)(1,0027570171772897, -0,03176411503796395)(1,0026776068896948, -0,03142220394353501)(1,002599051379836, -0,03108297853203501)(1,002521343933506, -0,030746422327981193)
(1,002444477877686, -0,0304125189275517)(1,002368446580367, -0,03008125199851097)(1,0022932434503709, -0,0297526052801369)(1,0022188619371706, -0,02942656258314269)(1,0021452955307126, -0,029103107789596905)(1,0020725377612387, -0,028782224852840876)(1,0020005821991067, -0,028463897797405657)(1,0019294224546131, -0,028148110718920094)(1,001859052177816, -0,027834847784025563)(1,0017894650583559, -0,02752409323028182)
(1,0017206548252802, -0,027215831366070198)(1,001652615246865, -0,026910046570500334)(1,0015853401304387, -0,026606723293306267)(1,0015188233222054, -0,026305846054748727)(1,0014530587070685, -0,026007399445508117)(1,0013880402084547, -0,02571136812658059)(1,0013237617881383, -0,02541773682916748)(1,0012602174460654, -0,0251264903545656)(1,001197401220179, -0,024837613574054895)(1,0011353071862439, -0,024551091428782534)
(1,0010739294576718, -0,02426690892964789)(1,0010132621853478, -0,023985051157180415)(1,0009532995574548, -0,023705503261422844)(1,0008940357993013, -0,02342825046180419)(1,0008354651731468, -0,023153278047018055)(1,0007775819780294, -0,022880571374892966)(1,0007203805495921, -0,022610115872267578)(1,0006638552599114, -0,022341897034856117)(1,0006080005173243, -0,02207590042711871)(1,0005528107662565, -0,02181211168212638)
(1,0004982804870513, -0,021550516501425143)(1,0004444041957976, -0,021291100654898365)(1,0003911764441604, -0,021033849980628183)(1,000338591819209, -0,02077875038475341)(1,000286644943247, -0,020525787841328302)(1,0002353304736438, -0,020274948392176473)(1,0001846431026633, -0,020026218146747432)(1,0001345775572965, -0,019779583281966495)(1,0000851285990915, -0,019535030042087342)(1,0000362910239862, -0,01929254473854325)
(0,9999880596621398, -0,01905211374979121)(0,9999404293777653, -0,018813723521161396)(0,9998933950689624, -0,01857736056470216)(0,9998469516675506, -0,01834301145902284)(0,999801094138903, -0,01811066284913565)(0,9997558174817801, -0,017880301446299818)(0,9997111167281644, -0,017651914027856375)(0,9996669869430947, -0,017425487437071396)(0,999623423224502, -0,017201008582969912)(0,9995804207030446, -0,016978464440172925)
(0,9995379745419443, -0,016757842048731764)(0,9994960799368224, -0,016539128513961554)(0,9994547321155375, -0,01632231100627335)(0,9994139263380218, -0,01610737676100582)(0,9993736578961193, -0,01589431307825384)(0,9993339221134236, -0,015683107322697953)(0,9992947143451169, -0,015473746923432508)(0,9992560299778083, -0,015266219373792023)(0,9992178644293738, -0,015060512231175771)(0,9991802131487958, -0,014856613116873696)
(0,9991430716160036, -0,01465450971588833)(0,9991064353417138, -0,01445418977675983)(0,9990702998672719, -0,014255641111384776)(0,9990346607644934, -0,014058851594837662)(0,9989995136355063, -0,013863809165192365)(0,9989648541125934, -0,0136705018233374)(0,998930677858035, -0,013478917632797849)(0,998896980563953, -0,013289044719548393)(0,9988637579521542, -0,013100871271833014)(0,9988310057739747, -0,012914385539978479)
(0,9987987198101247, -0,012729575836208262)(0,9987668958705341, -0,012546430534458253)(0,998735529794198, -0,012364938070188014)(0,9987046174490225, -0,012185086940194712)(0,998674154731672, -0,012006865702422598)(0,9986441375674159, -0,011830262975775607)(0,9986145619099764, -0,011655267439926842)(0,9985854237413766, -0,011481867835127169)(0,9985567190717888, -0,011310052962016037)(0,9985284439393838, -0,011139811681426526)
(0,9985005944101802, -0,010971132914196602)(0,9984731665778948, -0,010804005640972392)(0,9984461565637923, -0,01063841890201811)(0,9984195605165372, -0,010474361797018883)(0,9983933746120447, -0,010311823484887128)(0,9983675950533325, -0,010150793183566709)(0,9983422180703736, -0,009991260169838867)(0,998317239919949, -0,009833213779123273)(0,9982926568855012, -0,00967664340528307)(0,998268465276988, -0,009521538500427251)
(0,9982446614307369, -0,009367888574711714)(0,9982212417093, -0,009215683196142521)(0,9981982025013096, -0,009064911990376512)(0,9981755402213337, -0,008915564640522788)(0,9981532513097324, -0,008767630886943323)(0,998131332232515, -0,008621100527050896)(0,9981097794811974, -0,008475963415113252)(0,9980885895726596, -0,008332209462047935)(0,9980677590490045, -0,008189828635225549)(0,9980472844774164, -0,008048810958265484)
(0,9980271624500208, -0,007909146510835185)(0,9980073895837437, -0,007770825428450312)(0,9979879625201725, -0,007633837902269569)(0,9979688779254169, -0,0074981741788948675)(0,9979501324899697, -0,007363824560167043)(0,9979317229285692, -0,007230779402964238)(0,9979136459800618, -0,007099029118998512)(0,9978958984072643, -0,006968564174612446)(0,9978784769968279, -0,006839375090574862)(0,9978613785591014, -0,0067114524418792065)
(0,9978445999279967, -0,006584786857537939)(0,9978281379608528, -0,006459369020378691)(0,9978119895383019, -0,006335189666840879)(0,9977961515641347, -0,0062122395867714175)(0,9977806209651677, -0,006090509623219553)(0,9977653946911097, -0,0059699906722325835)(0,9977504697144292, -0,005850673682652019)(0,9977358430302226, -0,005732549655907526)(0,9977215116560828, -0,005615609645813091)(0,9977074726319682, -0,005499844758361849)
(0,9976937230200723, -0,005385246151521805)(0,9976802599046936, -0,005271805035029331)(0,9976670803921059, -0,005159512670185329)(0,9976541816104305, -0,005048360369650062)(0,9976415607095064, -0,004938339497237543)(0,9976292148607633, -0,004829441467712137)(0,997617141257094, -0,004721657746581176)(0,9976053371127276, -0,004614979849891121)(0,9975937996631029, -0,004509399344021947)(0,9975825261647429, -0,004404907845483308)
(0,9975715138951291, -0,00430149702070981)(0,9975607601525773, -0,004199158585853624)(0,9975502622561127, -0,004097884306581978)(0,9975400175453462, -0,003997665997871991)(0,9975300233803515, -0,003898495523805501)(0,9975202771415419, -0,003800364797364786)(0,9975107762295485, -0,003703265780228726)(0,997501518065098, -0,0036071904825667467)(0,9974925000888916, -0,003512130962836313)(0,9974837197614844, -0,003418079327578649)
(0,9974751745631655, -0,00332502773121357)(0,9974668619938375, -0,0032329683758369754)(0,9974587795728979, -0,003141893511015681)(0,9974509248391203, -0,003051795433585802)(0,9974432953505363, -0,002962666487448473)(0,9974358886843178, -0,0028744990633660095)(0,9974287024366594, -0,002787285598760292)(0,9974217342226624, -0,002701018577508929)(0,9974149816762187, -0,0026156905297436417)(0,9974084424498944, -0,002531294031646425)
(0,9974021142148153, -0,0024478217052488205)(0,9973959946605522, -0,0023652662182294115)(0,9973900814950066, -0,0022836202837126507)(0,9973843724442973, -0,002202876660066355)(0,9973788652526472, -0,0021230281507014226)(0,9973735576822704, -0,0020440676038706584)(0,9973684475132607, -0,001965987912467604)(0,9973635325434795, -0,0018887820138271394)(0,997358810588445, -0,0018124428895234246)(0,9973542794812212, -0,0017369635651736104)
(0,9973499370723083, -0,0016623371102331141)(0,9973457812295328, -0,0015885566378015525)(0,9973418098379383, -0,0015156153044197929)(0,9973380207996773, -0,0014435063098732215)(0,9973344120339026, -0,00137222289699368)(0,9973309814766601, -0,0013017583514591813)(0,9973277270807814, -0,0012321060015993979)(0,9973246468157775, -0,0011632592181949342)(0,997321738667732, -0,001095211414282815)(0,9973190006391963, -0,0010279560449593106)
(0,9973164307490839, -0,0009614866071809836)(0,997314027032566, -0,0008957966395728434)(0,997311787540967, -0,0008308797222298381)(0,9973097103416615, -0,000766729476521455)(0,9973077935179702, -0,0007033395648976537)(0,9973060351690579, -0,0006407036906961316)(0,9973044334098312, -0,0005788155979438159)(0,9973029863708364, -0,0005176690711659049)(0,9973016921981585, -0,00045725793519313385)(0,9973005490533204, -0,0003975760549663754)
(0,997299555113183, -0,00033861733534568117)(0,9972987085698447, -0,00028037572091754726)(0,9972980076305424, -0,0002228451958030675)(0,9972974505175529, -0,00016601978346653112)(0,9972970354680942, -0,00010989354652402028)(0,9972967607342279, -5,446058655422803E-05)(0,9972966245827615, 2,8495609316614434E-07)(0,9972966252951517, 5,4348902486900386E-05)(0,997296761167408, 0,00010773703530264633)(0,9972970305099962, 0,00016045509901330135)
(0,9972974316477438, 0,00021250880007572803)(0,9972979629197439, 0,0002639038071197142)(0,9972986226792617, 0,00031464575113604454)(0,9972994092936396, 0,00036474022566168607)(0,9973003211442037, 0,0004141927869680817)(0,9973013566261711, 0,0004630089542470017)(0,9973025141485568, 0,0005111942097952848)(0,9973037921340813, 0,0005587539992015778)(0,9973051890190793, 0,0006056937315297439)(0,9973067032534081, 0,0006520187795042709)
(0,9973083333003568, 0,0006977344796923468)(0,9973100776365561, 0,0007428461326890456)(0,9973119347518878, 0,0007873590032994038)(0,997313903149396, 0,0008312783207202745)(0,9973159813451978, 0,0008746092787235149)(0,9973181678683947, 0,0009173570358353977)(0,9973204612609843, 0,0009595267155195764)(0,997322860077773, 0,0010011234063558305)(0,9973253628862889, 0,0010421521622210328)(0,9973279682666945, 0,0010826180024674503)
(0,9973306748117006, 0,001122525912102823)(0,9973334811264808, 0,0011618808419675553)(0,9973363858285857, 0,0012006877089134615)(0,997339387547858, 0,0012389513959802922)(0,9973424849263479, 0,001276676752573369)(0,9973456766182294, 0,0013138685946392226)(0,997348961289716, 0,0013505317048416732)(0,997352337618978, 0,0013866708327370247)(0,9973558042960599, 0,0014222906949479253)(0,9973593600227972, 0,0014573959753398924)
(0,9973630035127355, 0,0014919913251922878)(0,9973667334910485, 0,0015260813633726222)(0,997370548694457, 0,001559670676509306)(0,9973744478711483, 0,001592763819163956)(0,9973784297806961, 0,0016253653140014812)(0,9973824931939811, 0,0016574796519623902)(0,997386636893111, 0,0016891112924333207)(0,9973908596713421, 0,0017202646634155716)(0,9973951603330007, 0,0017509441616960775)(0,997399537693405, 0,001781154153015052)
(0,9974039905787875, 0,0018108989722340763)(0,9974085178262181, 0,0018401829235052958)(0,9974131182835269, 0,0018690102804372888)(0,997417790809228, 0,001897385286261155)(0,9974225342724437, 0,001925312153998382)(0,9974273475528287, 0,0019527950666242688)(0,9974322295404953, 0,001979838177235127)(0,9974371791359383, 0,002006445609209706)(0,9974421952499614, 0,002032621456375505)(0,9974472768036023, 0,002058369783171532)
(0,9974524227280602, 0,002083694624809951)(0,9974576319646222, 0,0021085999874388417)(0,9974629034645909, 0,0021330898483031824)(0,9974682361892117, 0,0021571681559078293)
--------------------------------------------------------------
