Method of Finite-Differential Increments
X vector values:
(4, 0)(4, 0,002)(3,999999, 0,003998)(3,9999970012499997, 0,0059940015)(3,999571681948622, 0,05871996921328908)(3,9984481793770246, 0,1100288110794568)(3,996867299434224, 0,15492171532976648)(3,994763874770549, 0,19872517049218696)(3,9909944036183957, 0,2579562089271882)(3,9862854503711125, 0,31516620794095324)
(3,9808450555640427, 0,3689027098967978)(3,974591940026897, 0,4208232172972521)(3,9666835672122582, 0,4767693707923601)(3,9578524336112, 0,5305651100099852)(3,9482482038962585, 0,5817563297650782)(3,937829656263269, 0,6309579206891323)(3,9258722013485796, 0,6812886848597125)(3,913087083187603, 0,7294885419015764)(3,8996053432710505, 0,775353960634027)(3,885398787172646, 0,8192407197070058)
(3,8696650741362397, 0,8634865382544771)(3,8532224345140915, 0,9056656029596883)(3,8362065964398533, 0,9456483546537618)(3,8185817549720293, 0,9837180264080848)(3,7993599601483874, 1,0219075741021986)(3,7795571448064122, 1,0581083502554924)(3,7593249083444817, 1,092222304095162)(3,7386089602704353, 1,1245057484517453)(3,7161748242544075, 1,156793731375258)(3,693294061063699, 1,1871762960702472)
(3,670139939082847, 1,2155779526321844)(3,646633586003497, 1,2422385558263964)(3,6212465794664843, 1,2688065765497252)(3,5955547173623894, 1,2935558389462383)(3,5697571456308577, 1,3164332420585274)(3,5437456363189246, 1,3376636605042145)(3,515646165678737, 1,3586910423020755)(3,4873935538071836, 1,377989523407899)(3,457774483679752, 1,39638569009892)(3,4280840586861547, 1,4130755763170935)
(3,3970562639495845, 1,42877414979948)(3,3660465202612646, 1,4428012123645675)(3,3337048130703457, 1,4557730546897134)(3,3014779839475192, 1,4671171921502442)(3,267867145571019, 1,4773645716813124)(3,234476504796584, 1,4860319225949752)(3,199617428073535, 1,4935569600967535)(3,1650945964732577, 1,4995524609848843)(3,128984514454748, 1,5043465962215907)(3,093340855100634, 1,507664430770525)
(3,0559478531655437, 1,50969950182284)(3,0191706739547235, 1,5103148269746187)(2,9804204506620704, 1,5095318133941846)(2,942462596213461, 1,5073900797552473)(2,9022132925211626, 1,5036805887912048)(2,8629731324339103, 1,4986798988193686)(2,8209655544558045, 1,4918514064262542)(2,780247547575119, 1,483809437707357)(2,7359953207844896, 1,4735110718081634)(2,6934237619770087, 1,4620947030957232)
(2,645858594349004, 1,4476064958305286)(2,6005946572351055, 1,4321294076236157)(2,5468030623504028, 1,4115878828331023)(2,4965750868913203, 1,3902783147868716)(2,420054569487473, 1,3537425615458947)(2,3527589725072273, 1,317343370106538)(2,3287228777708693, 1,3033287040156876)(2,3059693795046172, 1,2895427418116607)(2,2844533480371516, 1,276020151818356)(2,264129537007049, 1,2627908901343927)
(2,244952988909814, 1,2498815548577697)(2,226878938509891, 1,237314996674138)(2,2098627849744203, 1,2251100484634196)(2,193860194401122, 1,213281643992258)(2,1788272615957873, 1,2018411489238692)(2,1647206732800894, 1,1907967399663955)(2,151497849805061, 1,180153760517787)(2,1391170626565446, 1,1699150384713197)(2,1275375313668343, 1,1600811713074584)(2,1167195035620088, 1,1506507852928063)
(2,106624320648598, 1,1416207729862593)(2,0972144707613722, 1,1329865112035125)(2,088453630203877, 1,1247420607270406)(2,080306694480889, 1,1168803488424057)(2,072739799965083, 1,1093933357772836)(2,0657203371851613, 1,1022721661223347)(2,059216956656852, 1,0955073062834777)(2,053199568107417, 1,0890886689645156)(2,0476393338749332, 1,0830057256221666)(2,0425086571983706, 1,0772476077797266)
(2,0377811660539247, 1,0718031980328269)(2,033431693136852, 1,0666612115309255)(2,0294362525357417, 1,0618102686708097)(2,0257720135974506, 1,0572389596932015)(2,0224172724356073, 1,0529359018304203)(2,0193514214934334, 1,0488897896119311)(2,016554917532521, 1,045089438895443)(2,0140092483829144, 1,0415238251539922)(2,01169689875627, 1,038182116514105)(2,0096013153927976, 1,035053702006611)
(2,007706871784016, 1,032128215459935)(2,0059988326869016, 1,0293955554356562)(2,00446331862066, 1,0268459015777431)(2,0030872705149583, 1,0244697277200716)(2,0018584146579053, 1,0222578120715764)(2,0007652280732393, 1,0202012447745856)(1,9997969044389443, 1,0182914331094983)(1,9989433206437917, 1,0165201045979302)(1,998195004063966, 1,0148793082366914)(1,9975431006288988, 1,0133614140764433)
(1,9969793437335976, 1,011959111341526)(1,996496024044057, 1,010665405271214)(1,996085960232664, 1,0094736128474835)(1,9957424706718003, 1,0083773575602042)(1,9954593461060364, 1,0073705633474623)(1,9952308233163099, 1,006447447836409)(1,995051559783254, 1,005602514998585)(1,9949166093512958, 1,0048305473230317)(1,9948213988902666, 1,004126597600621)(1,9947617059469487, 1,0034859804038923)
(1,99473363737523, 1,0029042633381988)(1,9947336089302687, 1,0023772581321442)(1,99475832580926, 1,0019010116280491)(1,9948047641189925, 1,0014717967265245)(1,9948701532483535, 1,0010861033330858)(1,9949519591222622, 1,0007406293491035)(1,995047868312131, 1,0004322717442051)(1,9951557729768572, 1,0001581177424994)
Y vector values:
(2, 0)(2, -0,0019999999999997797)
(1,9999995, -0,003997500000000098)(1,9999985006249998, -0,005992502124999799)(1,999785840974311, -0,05850581018759993)(1,9992240896885123, -0,10925290076796923)(1,998433649717112, -0,1533553650468784)(1,9973819373852746, -0,19610710787746166)(1,9954972018091979, -0,25345341073638616)(1,9931427251855562, -0,30830893312650964)(1,9904225277820213, -0,35932523767881897)(1,9872959700134485, -0,4081191873107004)
(1,9833417836061291, -0,46011115439848904)(1,9789262168056, -0,5094913268155854)(1,9741241019481293, -0,5558804317132076)(1,9689148281316344, -0,5998727488207667)(1,9629361006742898, -0,6442247855340022)(1,9565435415938015, -0,6860320834953777)(1,9498026716355252, -0,7251566322695524)(1,942699393586323, -0,761940113293329)(1,9348325370681199, -0,7983190753225968)(1,9266112172570458, -0,8322768202167339)
(1,9181032982199266, -0,8637516528736886)(1,9092908774860147, -0,8930089038940996)(1,8996799800741937, -0,9215875541763925)(1,8897785724032061, -0,9478869226586983)(1,8796624541722409, -0,9718847582674028)(1,8693044801352177, -0,993810228586963)(1,8580874121272037, -1,0148811435024618)(1,8466470305318494, -1,0338233266020964)(1,8350699695414234, -1,0506479221736078)(1,8233167930017484, -1,0655553488281448)
(1,8106232897332422, -1,0794298662829673)(1,7977773586811947, -1,0913331976274332)(1,7848785728154288, -1,1013118148739562)(1,7718728181594623, -1,109536478663677)(1,7578230828393684, -1,1165141251414439)(1,7436967769035918, -1,1216863003114907)(1,728887241839876, -1,1252729319387962)(1,7140420293430774, -1,127117605660171)(1,6985281319747922, -1,1273022817742722)(1,6830232601306323, -1,1258244724952)
(1,6668524065351729, -1,122625461224886)(1,6507389919737596, -1,1178561841240038)(1,6339335727855095, -1,1112981444668222)(1,617238252398292, -1,1032701749932672)(1,5998087140367676, -1,093365674133521)(1,5825472982366289, -1,0820997592215131)(1,564492257227374, -1,0688388534489648)(1,546670427550317, -1,0543348583208418)(1,5279739265827719, -1,0376734284056122)(1,5095853369773617, -1,0199001639519807)
(1,4902102253310352, -0,9997420387252198)(1,4712312981067306, -0,9786213778619777)(1,4511066462605813, -0,9547872350517861)(1,4314865662169551, -0,9301664650363239)(1,4104827772279023, -0,9023341836541565)(1,3901237737875596, -0,8739332114949168)(1,3679976603922448, -0,841508732200408)(1,3467118809885044, -0,8088065840842278)(1,322929297174502, -0,7705357930050303)(1,3002973286175528, -0,7324267362411687)
(1,2734015311752014, -0,6849894140083039)(1,2482875434456602, -0,638565858232532)(1,2100272847437366, -0,563769846289631)(1,1763794862536137, -0,4937228563601517)(1,1643614388854346, -0,4676901429011222)(1,1529846897523086, -0,44252743156396956)(1,1422266740185758, -0,41824682583693207)(1,1320647685035246, -0,3948556586379173)(1,122476494454907, -0,3723580493126768)(1,1134394692549454, -0,3507544659290831)
(1,1049313924872102, -0,3300414409506298)(1,096930097200561, -0,3102117411928189)(1,0894136307978937, -0,29125477972176306)(1,0823603366400447, -0,2731570766064402)(1,0757489249025305, -0,2559026854203177)(1,0695585313282723, -0,23947356979959178)(1,0637687656834172, -0,22384993699087552)(1,0583597517810044, -0,20901053707381045)(1,053312160324299, -0,19493293331055828)(1,0486072353806861, -0,18159374658419836)
(1,0442268151019385, -0,16896887582897913)(1,0401533472404445, -0,15703369608285023)(1,0363698999825415, -0,14576323575982508)(1,0328601685925807, -0,13513233471491537)(1,029608478328426, -0,12511578461190354)(1,0265997840537084, -0,11568845301822428)(1,0238196669374666, -0,10682539255963341)(1,0212543285991853, -0,09850193637891191)(1,0188905830269623, -0,0906937810597892)(1,016715846568426, -0,08337705809935159)
(1,0147181262678708, -0,07652839493868058)(1,0128860067987253, -0,07012496649192679)(1,0112086362178037, -0,06414453804822395)(1,0096757107467167, -0,058565500358647604)(1,0082774587662604, -0,05336689766170366)(1,0070046241914572, -0,04852844934544942)(1,005848449378135, -0,04403056589223997)(1,0048006576963988, -0,039854359703009656)(1,003853435892008, -0,035981651351942645)(1,0029994163434508, -0,032394971779106996)
(1,00223165931033, -0,029077560888072895)(1,0015436352574791, -0,02601336297755097)(1,0009292073289526, -0,023187019400529252)(1,0003826140366197, -0,020583858811205502)(0,9998984522194722, -0,01818988532897059)(0,9994716603218958, -0,01599176491982579)(0,999097502031983, -0,013976810268674367)(0,9987715503144494, -0,012132964390892731)(0,9984896718667988, -0,010448783208325096)(0,9982480120220285, -0,008913417293242354)
(0,998042980116332, -0,0075165929638156825)(0,9978712353359002, -0,006248592896104466)(0,9977296730530182, -0,005100236400480629)(0,9976154116581549, -0,004062859494563753)(0,997525779891627, -0,0031282948902120467)(0,9974583046756479, -0,002288851998679675)(0,9974106994451333, -0,0015372970457541157)(0,9973808529734743, -0,0008668333773664827)(0,997366818687615, -0,0002710820258138291)(0,9973668044651344, 0,00025593740272134013)
(0,99737916290463, 0,000719825467320856)(0,9974023820594963, 0,0011258212139790835)(0,9974350766241767, 0,001478820042737361)(0,9974759795611311, 0,0017833910897655514)(0,9975239341560656, 0,0020437940997293236)(0,9975778864884286, 0,0022639957690719914)
--------------------------------------------------------------
